16,1,1014.66,400.9,28.139999999999986,29.620000000000005,1,1,1.0
17,1,1011.7,381.65,28.139999999999873,29.620000000000005,1,1,1.0
18,1,1008.74,362.4,28.12999999999988,29.620000000000005,1,1,1.0
19,1,1005.78,343.15,28.13000000000011,29.620000000000005,1,1,1.0
20,1,1002.39,332.23,28.129999999999995,29.620000000000005,1,1,1.0
21,1,998.99,321.31,28.1400000000001,29.620000000000005,1,1,1.0
22,1,995.6,310.39,28.129999999999995,29.620000000000005,1,1,1.0
23,1,992.21,299.47,28.129999999999995,29.619999999999948,1,1,1.0
24,1,988.81,288.55,28.1400000000001,29.620000000000005,1,1,1.0
25,1,985.42,277.63,28.129999999999995,29.620000000000005,1,1,1.0
26,1,982.1,275.74,28.139999999999986,29.610000000000014,1,1,1.0
27,1,978.79,273.84,28.129999999999995,29.620000000000005,1,1,1.0
28,1,975.47,271.95,28.129999999999995,29.610000000000014,1,1,1.0
29,1,972.15,270.05,28.139999999999986,29.620000000000005,1,1,1.0
30,1,968.84,268.16,28.129999999999995,29.609999999999957,1,1,1.0
31,1,965.52,266.26,28.139999999999986,29.620000000000005,1,1,1.0
32,1,962.21,264.37,28.129999999999995,29.610000000000014,1,1,1.0
33,1,957.05,264.37,28.129999999999995,29.610000000000014,1,1,1.0
34,1,951.89,264.37,28.129999999999995,29.610000000000014,1,1,1.0
35,1,946.73,264.37,28.139999999999986,29.610000000000014,1,1,1.0
36,1,933.54,251.29,28.129999999999995,29.609999999999985,1,1,1.0
37,1,920.35,238.21,28.129999999999995,29.609999999999985,1,1,1.0
38,1,907.16,225.13,28.129999999999995,29.610000000000014,1,1,1.0
39,1,893.97,212.05,28.129999999999995,29.609999999999985,1,1,1.0
40,1,880.78,198.97,28.129999999999995,29.610000000000014,1,1,1.0
41,1,867.59,185.89,28.129999999999995,29.610000000000014,1,1,1.0
42,1,858.08,183.4,28.139999999999986,29.620000000000005,1,1,1.0
43,1,848.58,180.91,28.129999999999995,29.620000000000005,1,1,1.0
44,1,839.07,178.43,28.129999999999995,29.609999999999985,1,1,1.0
45,1,829.56,175.94,28.1400000000001,29.610000000000014,1,1,1.0
46,1,821.97,180.5,28.129999999999995,29.610000000000014,1,1,1.0
47,1,814.37,185.06,28.129999999999995,29.609999999999985,1,1,1.0
48,1,806.77,189.62,28.129999999999995,29.609999999999985,1,1,1.0
49,1,799.17,194.18,28.129999999999995,29.609999999999985,1,1,1.0
50,1,791.57,198.74,28.129999999999995,29.609999999999985,1,1,1.0
51,1,783.97,203.3,28.129999999999995,29.609999999999985,1,1,1.0
52,1,776.37,207.86,28.129999999999995,29.609999999999985,1,1,1.0
53,1,768.77,212.42,28.129999999999995,29.610000000000014,1,1,1.0
54,1,763.59,223.37,28.129999999999995,29.620000000000005,1,1,1.0
55,1,758.4,234.33,28.139999999999986,29.619999999999976,1,1,1.0
56,1,753.22,245.29,28.139999999999986,29.609999999999985,1,1,1.0
57,1,748.04,256.25,28.129999999999995,29.610000000000014,1,1,1.0
58,1,742.86,267.2,28.129999999999995,29.620000000000005,1,1,1.0
59,1,737.49,281.27,26.120000000000005,27.03000000000003,1,1,1.0
60,1,732.12,295.34,24.110000000000014,24.439999999999998,1,1,1.0
61,1,730.27,310.7,24.110000000000014,24.439999999999998,1,1,1.0
62,1,728.42,326.06,24.110000000000014,24.44999999999999,1,1,0.0
63,1,723.24,317.18,24.110000000000014,24.439999999999998,1,1,0.0
64,1,718.05,308.29,24.110000000000014,24.44999999999999,1,1,0.0
65,1,716.2,292.56,24.1099999999999,24.44999999999999,1,1,0.0
66,1,714.35,276.83,24.110000000000014,24.439999999999998,1,1,1.0
67,1,711.04,264.56,24.100000000000023,24.439999999999998,1,1,1.0
68,1,707.72,252.29,24.110000000000014,24.440000000000026,1,1,1.0
69,1,704.4,240.02,24.110000000000014,24.43999999999997,1,1,1.0
70,1,701.09,227.75,24.110000000000014,24.439999999999998,1,1,1.0
71,1,697.77,215.48,24.110000000000014,24.450000000000017,1,1,1.0
72,1,694.45,203.21,24.1099999999999,24.44999999999999,1,1,1.0
73,1,691.14,190.94,24.110000000000014,24.44999999999999,1,1,1.0
74,1,687.82,178.67,24.1099999999999,24.450000000000017,1,1,1.0
75,1,684.51,166.4,24.110000000000014,24.44999999999999,1,1,1.0
76,1,681.19,154.13,24.1099999999999,24.450000000000017,1,1,1.0
77,1,677.54,149.71,24.110000000000014,24.44999999999999,1,1,1.0
78,1,673.9,145.29,24.100000000000023,24.450000000000017,1,1,1.0
79,1,670.25,140.87,24.110000000000014,24.439999999999998,1,1,1.0
80,1,666.6,136.45,24.110000000000014,24.439999999999998,1,1,1.0
81,1,662.95,132.03,24.1099999999999,24.439999999999998,1,1,1.0
82,1,659.3,127.61,24.110000000000014,24.440000000000012,1,1,1.0
83,1,655.66,123.18,24.110000000000014,24.44999999999999,1,1,1.0
84,1,652.01,118.76,24.110000000000014,24.450000000000003,1,1,1.0
85,1,648.36,114.34,24.110000000000014,24.439999999999998,1,1,1.0
86,1,644.71,109.92,24.110000000000014,24.440000000000012,1,1,1.0
87,1,640.73,113.35,24.110000000000014,24.439999999999998,1,1,1.0
88,1,636.76,116.77,24.100000000000023,24.450000000000003,1,1,1.0
89,1,632.78,120.2,24.110000000000014,24.439999999999984,1,1,1.0
90,1,628.8,123.63,24.110000000000014,24.439999999999998,1,1,1.0
91,1,624.82,127.05,24.1099999999999,24.450000000000003,1,1,1.0
92,1,620.84,130.48,24.110000000000014,24.439999999999998,1,1,1.0
93,1,616.86,133.91,24.110000000000014,24.439999999999998,1,1,1.0
94,1,612.88,137.33,24.110000000000014,24.44999999999999,1,1,1.0
95,1,608.9,140.76,24.110000000000014,24.439999999999998,1,1,1.0
96,1,604.92,144.19,24.110000000000014,24.439999999999998,1,1,1.0
97,1,600.92,154.48,24.110000000000014,24.439999999999998,1,1,1.0
98,1,596.93,164.77,24.100000000000023,24.439999999999998,1,1,1.0
99,1,592.93,175.06,24.110000000000014,24.439999999999998,1,1,1.0
100,1,588.93,185.35,24.110000000000014,24.439999999999998,1,1,1.0
101,1,584.93,195.64,24.110000000000014,24.440000000000026,1,1,1.0
102,1,580.61,208.35,24.110000000000014,24.439999999999998,1,1,1.0
103,1,576.3,221.06,24.100000000000023,24.439999999999998,1,1,1.0
104,1,571.98,233.77,24.110000000000014,24.43999999999997,1,1,1.0
105,1,564.94,219.89,24.1099999999999,24.440000000000026,1,1,1.0
106,1,557.91,206.01,24.110000000000014,24.439999999999998,1,1,1.0
107,1,550.78,193.97,24.110000000000014,24.44999999999999,1,1,1.0
108,1,543.66,181.94,24.110000000000014,24.44999999999999,1,1,1.0
109,1,536.53,169.91,24.110000000000014,24.450000000000017,1,1,1.0
110,1,529.41,157.88,24.100000000000023,24.450000000000017,1,1,1.0
111,1,522.28,145.85,24.110000000000014,24.439999999999998,1,1,1.0
112,1,515.15,133.82,24.110000000000014,24.439999999999998,1,1,1.0
113,1,508.03,121.79,24.110000000000014,24.439999999999984,1,1,1.0
114,1,500.9,109.76,24.110000000000014,24.439999999999984,1,1,1.0
115,1,494.27,106.0,24.110000000000014,24.439999999999998,1,1,1.0
116,1,487.64,102.24,24.110000000000014,24.450000000000003,1,1,1.0
117,1,481.0,98.48,24.110000000000014,24.450000000000003,1,1,1.0
118,1,474.37,94.73,24.110000000000014,24.439999999999998,1,1,1.0
119,1,467.74,90.97,24.110000000000014,24.439999999999998,1,1,1.0
120,1,461.11,87.21,24.110000000000014,24.440000000000012,1,1,1.0
121,1,454.48,83.45,24.109999999999957,24.439999999999998,1,1,1.0
122,1,447.84,79.69,24.110000000000014,24.450000000000003,1,1,1.0
123,1,441.21,75.93,24.110000000000014,24.44999999999999,1,1,1.0
124,1,434.58,72.18,24.110000000000014,24.439999999999998,1,1,1.0
125,1,428.28,77.26,24.110000000000014,24.439999999999998,1,1,1.0
126,1,421.98,82.35,24.109999999999957,24.440000000000012,1,1,1.0
127,1,415.68,87.43,24.110000000000014,24.439999999999998,1,1,1.0
128,1,409.38,92.52,24.110000000000014,24.439999999999998,1,1,1.0
129,1,403.08,97.6,24.110000000000014,24.440000000000012,1,1,1.0
130,1,396.78,102.68,24.110000000000014,24.44999999999999,1,1,1.0
131,1,390.48,107.77,24.099999999999966,24.440000000000012,1,1,1.0
132,1,384.18,112.85,24.099999999999966,24.450000000000017,1,1,1.0
133,1,377.87,117.94,24.110000000000014,24.439999999999998,1,1,1.0
134,1,371.57,123.02,24.110000000000014,24.450000000000003,1,1,1.0
135,1,365.48,134.13,24.109999999999957,24.439999999999998,1,1,1.0
136,1,359.39,145.23,24.110000000000014,24.450000000000017,1,1,1.0
137,1,353.3,156.34,24.110000000000014,24.439999999999998,1,1,1.0
138,1,347.2,167.45,24.110000000000014,24.439999999999998,1,1,1.0
139,1,353.99,173.92,24.110000000000014,24.450000000000017,1,1,1.0
140,1,385.77,173.31,24.100000000000023,24.439999999999998,1,1,1.0
141,1,416.05,174.21,24.110000000000014,24.439999999999998,1,1,1.0
142,1,446.33,175.11,24.110000000000014,24.439999999999998,1,1,1.0
143,1,476.61,176.01,24.110000000000014,24.439999999999998,1,1,1.0
144,1,506.89,176.91,24.110000000000014,24.439999999999998,1,1,1.0
145,1,537.17,177.8,24.110000000000014,24.44999999999999,1,1,1.0
146,1,567.46,178.7,24.09999999999991,24.450000000000017,1,1,1.0
147,1,600.24,185.65,24.110000000000014,24.439999999999998,1,1,1.0
148,1,633.02,192.59,24.110000000000014,24.439999999999998,1,1,1.0
149,1,665.8,199.53,24.110000000000014,24.439999999999998,1,1,1.0
150,1,698.58,206.47,24.110000000000014,24.439999999999998,1,1,1.0
151,1,735.22,219.01,24.110000000000014,24.450000000000017,1,1,1.0
152,1,771.87,231.56,24.100000000000023,24.439999999999998,1,1,1.0
153,1,808.51,244.11,24.110000000000014,24.439999999999998,1,1,1.0
154,1,845.15,256.65,24.110000000000014,24.450000000000045,1,1,1.0
155,1,885.94,277.03,24.1099999999999,24.440000000000055,1,1,1.0
156,1,926.73,297.4,24.100000000000023,24.450000000000045,1,1,1.0
157,1,967.51,317.78,24.110000000000014,24.440000000000055,1,1,1.0
158,1,1008.3,338.15,24.110000000000127,24.450000000000045,1,1,1.0
159,1,1049.09,358.53,24.110000000000127,24.440000000000055,1,1,1.0
160,1,1089.88,378.9,24.09999999999991,24.450000000000045,1,1,1.0
161,1,1132.98,411.33,24.1099999999999,24.439999999999998,1,1,1.0
162,1,1176.09,443.75,24.110000000000127,24.44999999999999,1,1,1.0
163,1,1219.2,476.18,24.1099999999999,24.439999999999998,1,1,1.0
164,1,1266.73,506.02,13.269999999999982,24.440000000000055,1,1,1.0
