10,1,928.04,338.71,31.470000000000027,31.470000000000027,1,1,1.0
11,1,928.74,327.4,31.470000000000027,31.460000000000036,1,1,1.0
12,1,929.45,316.08,31.459999999999923,31.470000000000027,1,1,1.0
13,1,930.15,304.76,31.470000000000027,31.470000000000027,1,1,1.0
14,1,930.85,293.45,31.470000000000027,31.460000000000036,1,1,1.0
15,1,931.56,282.13,31.460000000000036,31.470000000000027,1,1,1.0
16,1,932.26,270.82,31.470000000000027,31.45999999999998,1,1,1.0
17,1,932.96,265.49,31.469999999999914,31.45999999999998,1,1,1.0
18,1,933.67,260.16,31.460000000000036,31.45999999999998,1,1,1.0
19,1,934.37,254.83,31.470000000000027,31.460000000000008,1,1,1.0
20,1,935.07,249.5,31.469999999999914,31.45999999999998,1,1,1.0
21,1,935.44,251.5,31.469999999999914,31.45999999999998,1,1,1.0
22,1,935.81,253.5,31.470000000000027,31.45999999999998,1,1,1.0
23,1,936.18,255.5,31.470000000000027,31.45999999999998,1,1,1.0
24,1,936.55,257.5,31.470000000000027,31.45999999999998,1,1,1.0
25,1,936.92,259.49,31.470000000000027,31.46999999999997,1,1,1.0
26,1,936.92,265.79,31.470000000000027,31.45999999999998,1,1,1.0
27,1,932.3,251.91,31.460000000000036,31.460000000000008,1,1,1.0
28,1,927.67,238.02,31.470000000000027,31.47,1,1,1.0
29,1,922.74,227.91,30.639999999999986,30.72999999999999,1,1,1.0
30,1,917.8,217.8,29.83000000000004,29.97999999999999,1,1,1.0
31,1,912.87,207.69,29.00999999999999,29.24000000000001,1,1,1.0
32,1,907.94,197.57,28.18999999999994,28.5,1,1,1.0
33,1,903.0,187.46,27.379999999999995,27.75999999999999,1,1,1.0
34,1,898.07,177.35,26.559999999999945,27.02000000000001,1,1,1.0
35,1,893.14,167.23,25.74000000000001,26.28,1,1,1.0
36,1,888.73,163.44,24.91999999999996,25.539999999999992,1,1,1.0
37,1,884.32,159.64,24.1099999999999,24.80000000000001,1,1,1.0
38,1,879.92,155.84,23.280000000000086,24.060000000000002,1,1,1.0
39,1,876.14,158.66,23.279999999999973,24.05000000000001,1,1,1.0
40,1,872.37,161.47,23.279999999999973,24.060000000000002,1,1,1.0
41,1,868.59,164.28,23.279999999999973,24.060000000000002,1,1,1.0
42,1,864.81,167.1,23.290000000000077,24.05000000000001,1,1,1.0
43,1,861.04,169.91,23.280000000000086,24.060000000000002,1,1,1.0
44,1,857.26,172.72,23.289999999999964,24.060000000000002,1,1,1.0
45,1,853.49,175.54,23.279999999999973,24.05000000000001,1,1,1.0
46,1,849.71,178.35,23.279999999999973,24.060000000000002,1,1,1.0
47,1,845.93,181.16,23.290000000000077,24.060000000000002,1,1,1.0
48,1,842.16,183.98,23.280000000000086,24.05000000000001,1,1,1.0
49,1,838.88,191.91,22.700000000000045,23.159999999999997,1,1,1.0
50,1,835.6,199.84,22.120000000000005,22.27000000000001,1,1,1.0
51,1,832.32,207.77,21.529999999999973,21.379999999999995,1,1,1.0
52,1,829.04,215.71,20.950000000000045,20.47999999999999,1,1,1.0
53,1,825.77,223.64,20.360000000000014,19.580000000000013,1,1,1.0
54,1,822.49,231.57,19.769999999999982,18.689999999999998,1,1,1.0
55,1,819.21,239.5,19.18999999999994,17.80000000000001,1,1,1.0
56,1,812.92,246.91,19.190000000000055,17.789999999999992,1,1,1.0
57,1,805.39,234.94,19.190000000000055,17.789999999999992,1,1,1.0
58,1,797.86,222.97,19.18999999999994,17.789999999999992,1,1,1.0
59,1,790.33,211.0,19.199999999999932,17.80000000000001,1,1,1.0
60,1,782.47,203.41,19.18999999999994,17.80000000000001,1,1,1.0
61,1,774.6,195.82,19.18999999999994,17.80000000000001,1,1,1.0
62,1,766.73,188.23,19.199999999999932,17.80000000000001,1,1,1.0
63,1,758.87,180.64,19.18999999999994,17.80000000000001,1,1,1.0
64,1,751.0,173.06,19.190000000000055,17.789999999999992,1,1,1.0
65,1,743.14,165.47,19.190000000000055,17.789999999999992,1,1,1.0
66,1,735.27,157.88,19.190000000000055,17.789999999999992,1,1,1.0
67,1,727.4,150.29,19.200000000000045,17.80000000000001,1,1,1.0
68,1,719.63,149.73,19.190000000000055,17.80000000000001,1,1,1.0
69,1,711.86,149.18,19.18999999999994,17.789999999999992,1,1,1.0
70,1,704.08,148.62,19.18999999999994,17.799999999999983,1,1,1.0
71,1,696.31,148.07,19.190000000000055,17.79000000000002,1,1,1.0
72,1,688.53,147.51,19.200000000000045,17.80000000000001,1,1,1.0
73,1,680.76,146.96,19.190000000000055,17.789999999999992,1,1,1.0
74,1,672.99,146.4,19.18999999999994,17.799999999999983,1,1,1.0
75,1,665.21,145.85,19.18999999999994,17.789999999999992,1,1,1.0
76,1,657.44,145.29,19.18999999999994,17.80000000000001,1,1,1.0
77,1,649.67,144.74,19.190000000000055,17.789999999999992,1,1,1.0
78,1,642.11,152.03,19.199999999999932,17.80000000000001,1,1,1.0
79,1,634.56,159.32,19.190000000000055,17.80000000000001,1,1,1.0
80,1,627.01,166.61,19.190000000000055,17.799999999999983,1,1,1.0
81,1,619.46,173.91,19.18999999999994,17.789999999999992,1,1,1.0
82,1,611.91,181.2,19.190000000000055,17.80000000000001,1,1,1.0
83,1,604.36,188.49,19.18999999999994,17.799999999999983,1,1,1.0
84,1,596.8,195.78,19.200000000000045,17.80000000000001,1,1,1.0
85,1,589.25,203.08,19.190000000000055,17.789999999999992,1,1,1.0
86,1,581.7,210.37,19.18999999999994,17.799999999999983,1,1,1.0
87,1,574.15,217.66,19.190000000000055,17.80000000000001,1,1,1.0
88,1,566.93,230.25,19.190000000000055,17.789999999999992,1,1,1.0
89,1,559.71,242.83,19.18999999999994,17.799999999999983,1,1,1.0
90,1,552.49,255.42,19.18999999999994,17.80000000000004,1,1,1.0
91,1,545.27,268.01,19.200000000000045,17.79000000000002,1,1,1.0
92,1,551.2,249.13,19.18999999999994,17.79000000000002,1,1,1.0
93,1,557.12,230.25,19.18999999999994,17.789999999999992,1,1,1.0
94,1,563.89,212.15,19.200000000000045,17.799999999999983,1,1,1.0
95,1,570.67,194.06,19.190000000000055,17.789999999999992,1,1,1.0
96,1,577.44,175.96,19.18999999999994,17.799999999999983,1,1,1.0
97,1,584.21,157.86,19.199999999999932,17.799999999999983,1,1,1.0
98,1,590.99,139.77,19.18999999999994,17.789999999999992,1,1,1.0
99,1,597.76,121.67,19.190000000000055,17.799999999999997,1,1,1.0
100,1,604.07,106.8,19.18999999999994,17.799999999999997,1,1,1.0
101,1,610.39,91.93,19.190000000000055,17.799999999999997,1,1,1.0
102,1,616.7,77.06,19.18999999999994,17.789999999999992,1,1,1.0
103,1,623.01,62.19,19.190000000000055,17.790000000000006,1,1,1.0
104,1,629.8,53.5,19.190000000000055,17.799999999999997,1,1,1.0
105,1,636.59,44.82,19.18999999999994,17.79,1,1,1.0
106,1,643.38,36.13,19.190000000000055,17.799999999999997,1,1,1.0
107,1,650.17,27.45,19.190000000000055,17.790000000000003,1,1,1.0
108,1,656.96,18.76,19.18999999999994,17.8,1,1,1.0
109,1,663.75,10.08,19.190000000000055,17.79,1,1,1.0
110,1,670.54,1.39,19.190000000000055,17.8,1,1,1.0
125,1,765.92,0.0,18.90000000000009,16.27,1,1,1.0
126,1,771.81,10.09,19.120000000000005,16.6,1,1,1.0
127,1,777.69,20.17,19.339999999999918,16.939999999999998,1,1,1.0
128,1,783.58,30.26,19.559999999999945,17.26,1,1,1.0
129,1,789.46,40.35,19.789999999999964,17.589999999999996,1,1,1.0
130,1,795.35,50.43,20.0,17.93,1,1,1.0
131,1,801.24,60.52,20.220000000000027,18.259999999999998,1,1,1.0
132,1,807.12,70.6,20.43999999999994,18.60000000000001,1,1,1.0
133,1,813.01,80.69,20.659999999999968,18.930000000000007,1,1,1.0
134,1,818.2,92.85,20.879999999999995,19.260000000000005,1,1,1.0
135,1,823.4,105.01,21.100000000000023,19.58999999999999,1,1,1.0
136,1,829.06,121.11,21.100000000000023,19.58999999999999,1,1,1.0
137,1,834.73,137.21,21.100000000000023,19.599999999999994,1,1,1.0
138,1,840.39,153.32,21.100000000000023,19.590000000000003,1,1,1.0
139,1,846.06,169.42,21.100000000000023,19.590000000000003,1,1,1.0
140,1,841.39,179.19,21.100000000000023,19.590000000000003,1,1,1.0
141,1,825.18,177.42,21.100000000000023,19.590000000000003,1,1,1.0
142,1,806.87,178.85,21.100000000000023,19.590000000000003,1,1,1.0
143,1,788.55,180.28,21.110000000000014,19.590000000000003,1,1,1.0
144,1,770.24,181.71,21.100000000000023,19.590000000000003,1,1,1.0
145,1,751.93,183.14,21.100000000000023,19.590000000000003,1,1,1.0
146,1,733.62,184.57,21.100000000000023,19.599999999999994,1,1,1.0
147,1,715.31,186.01,21.100000000000023,19.590000000000003,1,1,1.0
148,1,695.66,192.32,21.100000000000023,19.590000000000003,1,1,1.0
149,1,676.02,198.64,21.100000000000023,19.590000000000003,1,1,1.0
150,1,656.38,204.96,21.100000000000023,19.590000000000003,1,1,1.0
