1,1,552.57,163.11,14.099999999999909,16.409999999999997,1,1,1.0
2,1,552.55,162.57,14.100000000000023,16.409999999999997,1,1,1.0
3,1,552.54,162.02,14.100000000000023,16.409999999999997,1,1,1.0
4,1,552.52,161.48,14.100000000000023,16.409999999999997,1,1,1.0
5,1,552.5,160.94,14.100000000000023,16.409999999999997,1,1,1.0
6,1,552.49,160.39,14.100000000000023,16.410000000000025,1,1,1.0
7,1,552.47,159.85,14.100000000000023,16.409999999999997,1,1,1.0
8,1,552.49,162.01,14.100000000000023,16.409999999999997,1,1,1.0
9,1,552.52,164.18,14.100000000000023,16.409999999999997,1,1,1.0
10,1,552.55,166.34,14.100000000000023,16.409999999999997,1,1,1.0
11,1,552.57,168.51,14.099999999999909,16.409999999999997,1,1,1.0
12,1,551.83,172.21,14.099999999999909,16.409999999999997,1,1,1.0
13,1,551.09,175.91,14.100000000000023,16.409999999999997,1,1,1.0
14,1,550.42,165.93,14.100000000000023,16.409999999999997,1,1,1.0
15,1,549.74,155.96,14.100000000000023,16.409999999999997,1,1,1.0
16,1,549.07,145.98,14.099999999999909,16.409999999999997,1,1,1.0
17,1,548.24,137.61,14.100000000000023,16.409999999999997,1,1,1.0
18,1,547.42,129.25,14.100000000000023,16.409999999999997,1,1,1.0
19,1,546.6,120.89,14.100000000000023,16.41000000000001,1,1,1.0
20,1,545.78,112.53,14.100000000000023,16.409999999999997,1,1,1.0
21,1,544.96,104.16,14.099999999999909,16.409999999999997,1,1,1.0
22,1,544.14,95.8,14.100000000000023,16.409999999999997,1,1,1.0
23,1,543.32,87.44,14.099999999999909,16.409999999999997,1,1,1.0
24,1,541.29,83.98,14.360000000000014,16.409999999999997,1,1,1.0
25,1,539.27,80.53,14.620000000000005,16.400000000000006,1,1,1.0
26,1,537.25,77.07,14.879999999999995,16.400000000000006,1,1,1.0
27,1,535.23,73.62,15.129999999999995,16.39,1,1,1.0
28,1,533.21,70.16,15.389999999999986,16.39,1,1,1.0
29,1,531.18,66.71,15.660000000000082,16.39,1,1,1.0
30,1,529.16,63.25,15.910000000000082,16.39,1,1,1.0
31,1,526.85,63.91,16.159999999999968,16.38000000000001,1,1,1.0
32,1,524.53,64.57,16.430000000000064,16.38000000000001,1,1,1.0
33,1,522.22,65.23,16.67999999999995,16.36999999999999,1,1,1.0
34,1,519.7,71.0,17.09999999999991,16.730000000000004,1,1,1.0
35,1,517.19,76.78,17.50999999999999,17.090000000000003,1,1,1.0
36,1,514.68,82.55,17.910000000000082,17.450000000000003,1,1,1.0
37,1,512.17,88.32,18.32000000000005,17.810000000000002,1,1,1.0
38,1,509.66,94.1,18.72999999999996,18.17,1,1,1.0
39,1,507.14,99.87,19.149999999999977,18.53,1,1,1.0
40,1,504.63,105.64,19.56000000000006,18.89,1,1,1.0
41,1,501.83,115.53,19.95999999999998,19.25,1,1,1.0
42,1,499.02,125.42,20.370000000000005,19.60000000000001,1,1,1.0
43,1,496.21,135.3,20.79000000000002,19.97,1,1,1.0
44,1,493.89,150.42,20.789999999999964,19.97,1,1,1.0
45,1,491.57,165.54,20.79000000000002,19.97,1,1,1.0
46,1,489.25,180.66,20.779999999999973,19.97,1,1,1.0
47,1,486.93,195.78,20.779999999999973,19.97,1,1,1.0
48,1,484.61,210.9,20.779999999999973,19.97,1,1,1.0
49,1,482.16,232.44,20.789999999999964,19.97,1,1,1.0
50,1,479.72,253.98,20.779999999999973,19.960000000000008,1,1,1.0
51,1,477.27,275.51,20.79000000000002,19.970000000000027,1,1,1.0
52,1,474.83,297.05,20.78000000000003,19.96999999999997,1,1,1.0
53,1,472.38,318.59,20.79000000000002,19.960000000000036,1,1,1.0
54,1,468.84,344.81,20.78000000000003,19.96999999999997,1,1,1.0
55,1,465.29,371.03,20.779999999999973,19.970000000000027,1,1,1.0
56,1,465.29,409.59,20.779999999999973,19.970000000000027,1,1,1.0
57,1,467.76,398.48,20.78000000000003,19.96999999999997,1,1,1.0
58,1,473.62,374.42,20.779999999999973,19.96999999999997,1,1,1.0
59,1,481.98,355.48,20.789999999999964,19.96999999999997,1,1,1.0
60,1,490.35,336.54,20.779999999999973,19.96999999999997,1,1,1.0
61,1,498.71,317.6,20.78000000000003,19.96999999999997,1,1,1.0
62,1,506.02,303.93,20.789999999999964,19.96999999999997,1,1,1.0
63,1,513.33,290.25,20.789999999999964,19.970000000000027,1,1,1.0
64,1,520.64,276.58,20.789999999999964,19.970000000000027,1,1,1.0
65,1,527.95,262.91,20.789999999999964,19.95999999999998,1,1,1.0
66,1,535.27,249.23,20.779999999999973,19.97,1,1,1.0
67,1,542.58,235.56,20.779999999999973,19.960000000000008,1,1,1.0
68,1,549.89,221.88,20.779999999999973,19.97,1,1,1.0
69,1,556.63,217.02,20.789999999999964,19.97,1,1,1.0
70,1,563.37,212.15,20.789999999999964,19.97,1,1,1.0
71,1,570.12,207.29,20.779999999999973,19.97,1,1,1.0
72,1,576.86,202.43,20.779999999999973,19.97,1,1,1.0
73,1,583.6,197.56,20.789999999999964,19.97,1,1,1.0
74,1,590.34,192.7,20.789999999999964,19.97,1,1,1.0
75,1,597.09,187.84,20.779999999999973,19.960000000000008,1,1,1.0
76,1,603.83,182.97,20.779999999999973,19.97,1,1,1.0
77,1,610.57,178.11,20.789999999999964,19.97,1,1,1.0
78,1,617.31,173.25,20.790000000000077,19.960000000000008,1,1,1.0
79,1,623.47,177.35,20.789999999999964,19.97,1,1,1.0
80,1,629.63,181.46,20.789999999999964,19.95999999999998,1,1,1.0
81,1,635.79,185.56,20.780000000000086,19.97,1,1,1.0
82,1,641.95,189.67,20.779999999999973,19.97,1,1,1.0
83,1,648.11,193.77,20.779999999999973,19.97,1,1,1.0
84,1,654.26,197.88,20.789999999999964,19.97,1,1,1.0
85,1,660.42,201.98,20.790000000000077,19.97,1,1,1.0
86,1,667.09,208.43,20.779999999999973,19.97,1,1,1.0
87,1,673.75,214.88,20.789999999999964,19.97,1,1,1.0
88,1,679.13,211.66,20.779999999999973,19.97,1,1,1.0
89,1,684.5,208.43,20.789999999999964,19.97,1,1,1.0
90,1,693.02,195.75,20.779999999999973,19.97,1,1,1.0
91,1,701.53,183.07,20.779999999999973,19.960000000000008,1,1,1.0
92,1,710.04,170.38,20.790000000000077,19.97,1,1,1.0
93,1,718.56,157.7,20.780000000000086,19.97,1,1,1.0
94,1,727.07,145.01,20.779999999999973,19.97,1,1,1.0
95,1,735.58,132.33,20.789999999999964,19.97,1,1,1.0
96,1,744.1,119.64,20.779999999999973,19.970000000000013,1,1,1.0
97,1,752.61,106.96,20.789999999999964,19.970000000000013,1,1,1.0
98,1,761.12,94.28,20.789999999999964,19.959999999999994,1,1,1.0
99,1,769.64,81.59,20.779999999999973,19.97,1,1,1.0
100,1,777.94,79.05,20.779999999999973,19.97,1,1,1.0
101,1,786.24,76.52,20.779999999999973,19.97,1,1,1.0
102,1,794.53,73.98,20.790000000000077,19.97,1,1,1.0
103,1,802.83,71.44,20.789999999999964,19.97,1,1,1.0
104,1,811.13,68.91,20.789999999999964,19.960000000000008,1,1,1.0
105,1,819.43,66.37,20.790000000000077,19.97,1,1,1.0
106,1,827.73,63.83,20.779999999999973,19.97,1,1,1.0
107,1,836.03,61.3,20.779999999999973,19.960000000000008,1,1,1.0
108,1,844.33,58.76,20.779999999999973,19.970000000000006,1,1,1.0
109,1,852.62,56.22,20.789999999999964,19.97,1,1,1.0
110,1,860.49,63.49,20.789999999999964,19.96999999999999,1,1,1.0
111,1,868.36,70.76,20.789999999999964,19.959999999999994,1,1,1.0
112,1,876.23,78.02,20.789999999999964,19.97,1,1,1.0
113,1,884.1,85.29,20.779999999999973,19.97,1,1,1.0
114,1,891.97,92.56,20.779999999999973,19.959999999999994,1,1,1.0
115,1,899.84,99.82,20.779999999999973,19.970000000000013,1,1,1.0
116,1,907.71,107.09,20.779999999999973,19.97,1,1,1.0
117,1,915.57,114.36,20.789999999999964,19.959999999999994,1,1,1.0
118,1,923.44,121.62,20.789999999999964,19.97,1,1,1.0
119,1,931.31,128.89,20.790000000000077,19.970000000000027,1,1,1.0
120,1,938.51,142.65,20.789999999999964,19.97,1,1,1.0
121,1,945.72,156.41,20.779999999999973,19.97,1,1,1.0
122,1,952.92,170.17,20.780000000000086,19.97,1,1,1.0
123,1,960.12,183.93,20.789999999999964,19.97,1,1,1.0
124,1,923.57,199.84,20.789999999999964,19.960000000000008,1,1,1.0
125,1,895.84,205.32,20.779999999999973,19.97,1,1,1.0
126,1,868.1,210.8,20.789999999999964,19.97,1,1,1.0
127,1,845.53,209.83,20.790000000000077,19.97,1,1,1.0
128,1,822.96,208.87,20.779999999999973,19.960000000000008,1,1,1.0
129,1,820.86,212.36,20.779999999999973,19.97,1,1,1.0
130,1,818.76,215.85,20.789999999999964,19.97,1,1,1.0
131,1,816.67,219.35,20.780000000000086,19.97,1,1,1.0
132,1,814.57,222.84,20.789999999999964,19.97,1,1,1.0
133,1,812.48,226.33,20.779999999999973,19.97,1,1,1.0
134,1,810.38,229.83,20.779999999999973,19.97,1,1,1.0
135,1,808.28,233.32,20.790000000000077,19.97,1,1,1.0
136,1,806.19,236.81,20.779999999999973,19.96999999999997,1,1,1.0
137,1,804.55,242.75,20.790000000000077,19.970000000000027,1,1,1.0
138,1,802.92,248.68,20.780000000000086,19.96999999999997,1,1,1.0
139,1,801.28,254.62,20.790000000000077,19.95999999999998,1,1,1.0
140,1,799.65,260.55,20.790000000000077,19.96999999999997,1,1,1.0
141,1,798.02,266.48,20.779999999999973,19.96999999999997,1,1,1.0
142,1,796.38,272.42,20.789999999999964,19.96999999999997,1,1,1.0
143,1,794.75,278.35,20.779999999999973,19.96999999999997,1,1,1.0
144,1,793.11,284.28,20.789999999999964,19.970000000000027,1,1,1.0
145,1,791.48,290.22,20.789999999999964,19.96999999999997,1,1,1.0
146,1,789.85,296.15,20.779999999999973,19.970000000000027,1,1,1.0
147,1,784.6,298.69,20.789999999999964,19.970000000000027,1,1,1.0
148,1,779.36,301.23,20.779999999999973,19.95999999999998,1,1,1.0
149,1,774.11,303.76,20.779999999999973,19.970000000000027,1,1,1.0
150,1,768.86,306.3,20.789999999999964,19.96999999999997,1,1,1.0
151,1,763.62,308.84,20.779999999999973,19.970000000000027,1,1,1.0
152,1,758.37,311.37,20.789999999999964,19.96999999999997,1,1,1.0
153,1,753.13,313.91,20.779999999999973,19.96999999999997,1,1,1.0
154,1,747.88,316.45,20.789999999999964,19.970000000000027,1,1,1.0
155,1,742.63,318.98,20.789999999999964,19.96999999999997,1,1,1.0
156,1,737.39,321.52,20.779999999999973,19.970000000000027,1,1,1.0
157,1,732.01,328.83,20.789999999999964,19.970000000000027,1,1,1.0
158,1,726.64,336.14,20.779999999999973,19.970000000000027,1,1,1.0
159,1,724.92,344.31,20.780000000000086,19.96999999999997,1,1,1.0
160,1,713.31,329.69,20.780000000000086,19.970000000000027,1,1,0.0
161,1,710.12,328.73,20.789999999999964,19.96999999999997,1,1,0.0
162,1,706.94,327.76,20.779999999999973,19.970000000000027,1,1,0.0
163,1,703.75,326.8,20.779999999999973,19.96999999999997,1,1,0.0
164,1,700.56,325.84,20.790000000000077,19.960000000000036,1,1,0.0
165,1,697.38,324.87,20.779999999999973,19.96999999999997,1,1,0.0
166,1,694.19,323.91,20.779999999999973,19.96999999999997,1,1,0.0
167,1,691.0,322.94,20.789999999999964,19.970000000000027,1,1,0.0
168,1,687.81,321.98,20.790000000000077,19.96999999999997,1,1,0.0
169,1,684.63,321.02,20.779999999999973,19.960000000000036,1,1,0.0
170,1,681.44,320.05,20.789999999999964,19.96999999999997,1,1,0.0
171,1,678.25,319.09,20.789999999999964,19.970000000000027,1,1,0.0
172,1,675.07,318.12,20.779999999999973,19.96999999999997,1,1,0.0
173,1,671.88,317.16,20.779999999999973,19.96999999999997,1,1,0.0
174,1,668.69,316.2,20.789999999999964,19.960000000000036,1,1,0.0
175,1,665.51,315.23,20.779999999999973,19.96999999999997,1,1,0.0
176,1,662.32,314.27,20.779999999999973,19.970000000000027,1,1,0.0
177,1,651.61,310.26,20.789999999999964,19.970000000000027,1,1,1.0
178,1,649.45,312.83,20.789999999999964,19.970000000000027,1,1,1.0
179,1,647.29,315.4,20.790000000000077,19.970000000000027,1,1,1.0
180,1,645.13,317.97,20.789999999999964,19.96999999999997,1,1,1.0
