1,1,222.65,633.25,24.579999999999984,26.029999999999973,1,1,1.0
2,1,225.86,621.72,24.159999999999997,25.74000000000001,1,1,1.0
3,1,229.06,610.18,23.75,25.460000000000036,1,1,1.0
4,1,232.27,598.65,23.329999999999984,25.170000000000073,1,1,1.0
5,1,235.47,587.11,22.909999999999997,24.889999999999986,1,1,1.0
6,1,238.68,575.58,22.49000000000001,24.610000000000014,1,1,1.0
7,1,241.89,564.04,22.069999999999993,24.33000000000004,1,1,1.0
8,1,245.09,552.51,21.659999999999997,24.039999999999964,1,1,1.0
9,1,248.3,540.97,21.24000000000001,23.75999999999999,1,1,1.0
10,1,251.5,529.44,20.829999999999984,23.469999999999914,1,1,1.0
11,1,254.71,517.91,20.409999999999997,23.190000000000055,1,1,1.0
12,1,256.53,509.92,20.410000000000025,23.19999999999999,1,1,1.0
13,1,258.35,501.94,20.409999999999968,23.189999999999998,1,1,1.0
14,1,260.18,493.96,20.399999999999977,23.189999999999998,1,1,1.0
15,1,262.0,485.98,20.410000000000025,23.189999999999998,1,1,1.0
16,1,263.82,478.0,20.410000000000025,23.189999999999998,1,1,1.0
17,1,265.64,470.02,20.410000000000025,23.189999999999998,1,1,1.0
18,1,267.46,462.04,20.410000000000025,23.189999999999998,1,1,1.0
19,1,269.28,454.06,20.410000000000025,23.189999999999998,1,1,1.0
20,1,271.11,446.08,20.399999999999977,23.189999999999998,1,1,1.0
21,1,272.93,438.1,20.409999999999968,23.189999999999998,1,1,1.0
22,1,275.04,438.89,20.560000000000002,23.08000000000004,1,1,1.0
23,1,277.16,439.68,20.69999999999999,22.980000000000018,1,1,1.0
24,1,279.27,440.47,20.850000000000023,22.869999999999948,1,1,1.0
25,1,281.39,441.25,21.0,22.779999999999973,1,1,1.0
26,1,283.5,442.04,21.149999999999977,22.66999999999996,1,1,1.0
27,1,285.62,442.83,21.29000000000002,22.569999999999993,1,1,1.0
28,1,287.73,443.62,21.439999999999998,22.45999999999998,1,1,1.0
29,1,289.85,444.41,21.589999999999975,22.359999999999957,1,1,1.0
30,1,291.96,445.2,21.74000000000001,22.25,1,1,1.0
31,1,304.3,419.4,29.399999999999977,32.60000000000002,1,1,1.0
32,1,324.72,396.13,27.289999999999964,29.0,1,1,1.0
33,1,345.13,372.87,25.189999999999998,25.389999999999986,1,1,1.0
34,1,365.55,349.6,23.089999999999975,21.789999999999964,1,1,1.0
35,1,382.01,326.87,24.29000000000002,24.180000000000007,1,1,1.0
36,1,398.47,304.14,25.5,26.58000000000004,1,1,1.0
37,1,414.94,281.41,26.69999999999999,28.96999999999997,1,1,1.0
38,1,428.73,270.13,26.529999999999973,28.620000000000005,1,1,1.0
39,1,442.52,258.85,26.350000000000023,28.279999999999973,1,1,1.0
40,1,456.32,247.58,26.170000000000016,27.919999999999987,1,1,1.0
41,1,470.11,236.3,25.99000000000001,27.569999999999993,1,1,1.0
42,1,483.9,225.02,25.82000000000005,27.22,1,1,1.0
43,1,497.69,213.74,25.650000000000034,26.870000000000005,1,1,1.0
44,1,511.49,202.47,25.460000000000036,26.50999999999999,1,1,1.0
45,1,525.28,191.19,25.290000000000077,26.170000000000016,1,1,1.0
46,1,539.07,179.91,25.1099999999999,25.819999999999993,1,1,1.0
47,1,552.87,168.64,24.92999999999995,25.460000000000008,1,1,1.0
48,1,561.71,167.07,24.93999999999994,25.47,1,1,1.0
49,1,570.56,165.51,24.940000000000055,25.47,1,1,1.0
50,1,579.41,163.95,24.930000000000064,25.47,1,1,1.0
51,1,588.26,162.39,24.930000000000064,25.460000000000008,1,1,1.0
52,1,597.11,160.83,24.92999999999995,25.45999999999998,1,1,1.0
53,1,605.95,159.27,24.93999999999994,25.45999999999998,1,1,1.0
54,1,614.8,157.71,24.940000000000055,25.45999999999998,1,1,1.0
55,1,623.65,156.14,24.940000000000055,25.470000000000027,1,1,1.0
56,1,632.5,154.58,24.92999999999995,25.47,1,1,1.0
57,1,641.35,153.02,24.92999999999995,25.47,1,1,1.0
58,1,645.01,147.33,24.940000000000055,25.47,1,1,1.0
59,1,648.67,141.65,24.940000000000055,25.460000000000008,1,1,1.0
60,1,652.34,135.96,24.92999999999995,25.47,1,1,1.0
61,1,656.0,130.27,24.92999999999995,25.47,1,1,1.0
62,1,659.66,124.59,24.940000000000055,25.460000000000008,1,1,1.0
63,1,663.32,118.9,24.93999999999994,25.47,1,1,1.0
64,1,666.99,113.21,24.92999999999995,25.470000000000013,1,1,1.0
65,1,670.65,107.53,24.930000000000064,25.460000000000008,1,1,1.0
66,1,674.31,101.84,24.940000000000055,25.47,1,1,1.0
67,1,674.75,92.73,24.74000000000001,25.08999999999999,1,1,1.0
68,1,675.18,83.62,24.540000000000077,24.709999999999994,1,1,1.0
69,1,675.61,74.52,24.350000000000023,24.320000000000007,1,1,1.0
70,1,676.05,65.41,24.15000000000009,23.939999999999998,1,1,1.0
71,1,676.48,56.3,23.960000000000036,23.560000000000002,1,1,1.0
72,1,676.91,47.19,23.769999999999982,23.180000000000007,1,1,1.0
73,1,677.35,38.08,23.569999999999936,22.800000000000004,1,1,1.0
74,1,677.78,28.97,23.379999999999995,22.42,1,1,1.0
75,1,678.21,19.87,23.18999999999994,22.029999999999998,1,1,1.0
76,1,678.65,10.76,24.930000000000064,25.46,1,1,1.0
77,1,678.65,10.76,24.930000000000064,25.46,1,1,1.0
78,1,678.65,10.76,24.930000000000064,25.46,1,1,1.0
79,1,678.65,10.76,24.930000000000064,25.46,1,1,1.0
80,1,678.65,10.76,24.930000000000064,25.46,1,1,1.0
81,1,678.65,10.76,24.930000000000064,25.46,1,1,1.0
82,1,678.65,10.76,24.930000000000064,25.46,1,1,1.0
83,1,678.65,10.76,24.930000000000064,25.46,1,1,1.0
84,1,678.65,10.76,24.930000000000064,25.46,1,1,1.0
85,1,678.65,10.76,24.930000000000064,25.46,1,1,1.0
93,1,691.59,0.0,13.0,10.6,1,1,1.0
94,1,691.77,6.17,13.07000000000005,10.860000000000001,1,1,1.0
95,1,691.96,12.33,13.129999999999995,11.139999999999999,1,1,1.0
96,1,692.14,18.5,13.200000000000045,11.399999999999999,1,1,1.0
97,1,692.32,24.67,13.279999999999973,11.659999999999997,1,1,1.0
98,1,692.51,30.83,13.340000000000032,11.940000000000005,1,1,1.0
99,1,692.69,37.0,13.409999999999968,12.200000000000003,1,1,1.0
100,1,693.47,47.18,13.67999999999995,12.54,1,1,1.0
101,1,694.25,57.37,13.950000000000045,12.869999999999997,1,1,1.0
102,1,695.03,67.55,14.220000000000027,13.210000000000008,1,1,1.0
103,1,695.81,77.73,14.490000000000009,13.549999999999997,1,1,1.0
104,1,696.59,87.91,14.759999999999991,13.89,1,1,1.0
105,1,697.38,98.1,15.019999999999982,14.219999999999999,1,1,1.0
106,1,698.16,108.28,15.290000000000077,14.560000000000002,1,1,1.0
107,1,698.94,118.46,15.559999999999945,14.90000000000002,1,1,1.0
108,1,699.72,128.64,15.829999999999927,15.240000000000009,1,1,1.0
109,1,700.5,138.83,16.100000000000023,15.569999999999993,1,1,1.0
110,1,708.31,132.13,16.100000000000023,15.580000000000013,1,1,1.0
111,1,716.12,125.44,16.100000000000023,15.569999999999993,1,1,1.0
112,1,723.93,118.75,16.100000000000023,15.569999999999993,1,1,1.0
113,1,731.73,112.05,16.110000000000014,15.579999999999998,1,1,1.0
114,1,739.54,105.36,16.110000000000014,15.570000000000007,1,1,1.0
115,1,747.35,98.67,16.100000000000023,15.569999999999993,1,1,1.0
116,1,755.16,91.97,16.100000000000023,15.579999999999998,1,1,1.0
117,1,762.97,85.28,16.100000000000023,15.569999999999993,1,1,1.0
118,1,770.78,78.59,16.100000000000023,15.569999999999993,1,1,1.0
119,1,778.59,71.89,16.100000000000023,15.579999999999998,1,1,1.0
120,1,785.67,72.0,16.100000000000023,15.569999999999993,1,1,1.0
121,1,792.74,72.1,16.100000000000023,15.570000000000007,1,1,1.0
122,1,799.82,72.21,16.09999999999991,15.570000000000007,1,1,1.0
123,1,806.9,72.31,16.100000000000023,15.569999999999993,1,1,1.0
124,1,813.97,72.41,16.110000000000014,15.579999999999998,1,1,1.0
125,1,821.05,72.52,16.100000000000023,15.570000000000007,1,1,1.0
126,1,828.13,72.62,16.100000000000023,15.579999999999998,1,1,1.0
127,1,835.21,72.73,16.09999999999991,15.569999999999993,1,1,1.0
128,1,842.28,72.83,16.100000000000023,15.579999999999998,1,1,1.0
129,1,849.36,72.94,16.100000000000023,15.570000000000007,1,1,1.0
130,1,851.52,81.06,16.100000000000023,15.569999999999993,1,1,1.0
131,1,853.68,89.18,16.100000000000023,15.579999999999998,1,1,1.0
132,1,855.84,97.31,16.110000000000014,15.569999999999993,1,1,1.0
133,1,858.0,105.43,16.110000000000014,15.569999999999993,1,1,1.0
134,1,860.17,113.55,16.100000000000023,15.579999999999998,1,1,1.0
135,1,862.33,121.67,16.09999999999991,15.579999999999998,1,1,1.0
136,1,864.49,129.8,16.100000000000023,15.569999999999993,1,1,1.0
137,1,866.65,137.92,16.100000000000023,15.570000000000022,1,1,1.0
138,1,868.81,146.04,16.100000000000023,15.580000000000013,1,1,1.0
139,1,870.97,154.17,16.100000000000023,15.570000000000022,1,1,1.0
140,1,872.02,160.04,16.100000000000023,15.580000000000013,1,1,1.0
141,1,873.06,165.92,16.110000000000014,15.570000000000022,1,1,1.0
142,1,874.11,171.8,16.100000000000023,15.569999999999993,1,1,1.0
143,1,875.16,177.67,16.100000000000023,15.580000000000013,1,1,1.0
144,1,876.2,183.55,16.09999999999991,15.569999999999993,1,1,1.0
145,1,877.25,189.43,16.100000000000023,15.569999999999993,1,1,1.0
146,1,878.29,195.3,16.100000000000023,15.579999999999984,1,1,1.0
147,1,878.82,206.72,16.09999999999991,15.569999999999993,1,1,1.0
148,1,879.34,218.14,16.100000000000023,15.570000000000022,1,1,1.0
149,1,879.86,229.55,16.100000000000023,15.579999999999984,1,1,1.0
150,1,880.38,240.97,16.110000000000014,15.570000000000022,1,1,1.0
