1,1,535.02,54.51,9.81000000000006,11.199999999999996,1,1,1.0
2,1,534.65,55.09,9.81000000000006,11.200000000000003,1,1,1.0
3,1,534.28,55.67,9.81000000000006,11.200000000000003,1,1,1.0
4,1,533.91,56.25,9.81000000000006,11.200000000000003,1,1,1.0
5,1,533.54,56.83,9.81000000000006,11.200000000000003,1,1,1.0
6,1,533.17,57.41,9.81000000000006,11.200000000000003,1,1,1.0
7,1,532.8,57.99,9.81000000000006,11.199999999999996,1,1,1.0
8,1,532.43,58.57,9.81000000000006,11.199999999999996,1,1,1.0
9,1,532.06,59.15,9.81000000000006,11.199999999999996,1,1,1.0
10,1,531.69,59.73,9.809999999999945,11.20000000000001,1,1,1.0
11,1,531.32,60.31,9.809999999999945,11.200000000000003,1,1,1.0
12,1,531.24,61.34,9.809999999999945,11.200000000000003,1,1,1.0
13,1,531.16,62.37,9.81000000000006,11.199999999999996,1,1,1.0
14,1,531.08,63.4,9.809999999999945,11.199999999999996,1,1,1.0
15,1,531.0,64.43,9.809999999999945,11.199999999999989,1,1,1.0
16,1,530.92,65.46,9.81000000000006,11.200000000000003,1,1,1.0
17,1,530.84,66.49,9.809999999999945,11.200000000000003,1,1,1.0
18,1,530.76,67.52,9.81000000000006,11.200000000000003,1,1,1.0
19,1,530.68,68.55,9.81000000000006,11.200000000000003,1,1,1.0
20,1,530.6,69.58,9.809999999999945,11.200000000000003,1,1,1.0
21,1,530.52,70.61,9.81000000000006,11.200000000000003,1,1,1.0
22,1,530.52,71.81,9.81000000000006,11.200000000000003,1,1,1.0
23,1,529.95,69.43,9.809999999999945,11.199999999999989,1,1,1.0
24,1,529.37,67.05,9.809999999999945,11.200000000000003,1,1,1.0
25,1,528.8,64.67,9.81000000000006,11.200000000000003,1,1,1.0
26,1,528.23,62.29,9.809999999999945,11.199999999999996,1,1,1.0
27,1,527.65,59.91,9.81000000000006,11.200000000000003,1,1,1.0
28,1,527.08,57.53,9.809999999999945,11.200000000000003,1,1,1.0
29,1,526.51,55.15,9.81000000000006,11.199999999999996,1,1,1.0
30,1,525.93,52.77,9.81000000000006,11.199999999999996,1,1,1.0
31,1,525.36,50.39,9.809999999999945,11.200000000000003,1,1,1.0
32,1,524.79,48.01,9.81000000000006,11.200000000000003,1,1,1.0
33,1,523.62,41.33,9.82000000000005,11.200000000000003,1,1,1.0
34,1,523.33,34.75,9.809999999999945,11.200000000000003,1,1,1.0
35,1,523.04,28.16,9.81000000000006,11.2,1,1,1.0
36,1,522.75,21.58,9.809999999999945,11.200000000000003,1,1,1.0
37,1,522.46,14.99,9.809999999999945,11.200000000000001,1,1,1.0
38,1,522.17,8.41,9.81000000000006,11.2,1,1,1.0
39,1,521.88,1.82,9.81000000000006,11.2,1,1,1.0
40,1,521.3,0.0,9.81000000000006,8.66,1,1,1.0
41,1,521.3,0.0,9.81000000000006,5.18,1,1,1.0
55,1,519.0,0.0,9.75,8.75,1,1,1.0
56,1,518.67,4.71,9.75,8.75,1,1,1.0
57,1,518.5,8.74,9.75,8.76,1,1,1.0
58,1,519.17,11.67,10.0,9.139999999999999,1,1,1.0
59,1,519.84,14.59,10.259999999999991,9.530000000000001,1,1,1.0
60,1,520.51,17.52,10.509999999999991,9.91,1,1,1.0
61,1,521.18,20.45,10.770000000000095,10.29,1,1,1.0
62,1,521.85,23.37,11.019999999999982,10.679999999999996,1,1,1.0
63,1,522.52,26.3,11.279999999999973,11.059999999999999,1,1,1.0
64,1,523.19,29.22,11.529999999999973,11.450000000000003,1,1,1.0
65,1,523.86,32.15,11.789999999999964,11.829999999999998,1,1,1.0
66,1,524.53,35.07,12.040000000000077,12.219999999999999,1,1,1.0
67,1,525.2,38.0,12.299999999999955,12.600000000000001,1,1,1.0
68,1,528.11,47.07,12.299999999999955,12.600000000000001,1,1,1.0
69,1,531.03,56.15,12.300000000000068,12.600000000000001,1,1,1.0
70,1,533.94,65.22,12.299999999999955,12.599999999999994,1,1,1.0
71,1,536.85,74.3,12.299999999999955,12.600000000000009,1,1,1.0
72,1,539.77,83.37,12.300000000000068,12.599999999999994,1,1,1.0
73,1,542.68,92.45,12.300000000000068,12.599999999999994,1,1,1.0
74,1,545.59,101.52,12.299999999999955,12.600000000000009,1,1,1.0
75,1,548.5,110.6,12.299999999999955,12.600000000000009,1,1,1.0
76,1,551.42,119.67,12.300000000000068,12.600000000000009,1,1,1.0
77,1,554.33,128.75,12.299999999999955,12.599999999999994,1,1,1.0
78,1,559.63,145.97,13.31000000000006,13.640000000000015,1,1,1.0
79,1,564.94,163.19,14.299999999999955,14.689999999999998,1,1,1.0
80,1,570.24,180.41,15.309999999999945,15.72999999999999,1,1,1.0
81,1,575.55,197.63,16.31000000000006,16.78,1,1,1.0
82,1,580.85,214.85,17.319999999999936,17.819999999999993,1,1,1.0
83,1,586.15,232.07,18.32000000000005,18.870000000000005,1,1,1.0
84,1,591.46,249.29,19.319999999999936,19.909999999999997,1,1,1.0
85,1,596.76,266.51,20.33000000000004,20.960000000000036,1,1,1.0
86,1,602.06,283.74,21.33000000000004,21.99000000000001,1,1,1.0
87,1,607.37,300.96,22.33000000000004,23.04000000000002,1,1,1.0
88,1,609.38,301.5,22.33000000000004,23.04000000000002,1,1,1.0
89,1,611.38,302.04,22.340000000000032,23.049999999999955,1,1,1.0
90,1,613.39,302.59,22.33000000000004,23.04000000000002,1,1,1.0
91,1,615.4,303.13,22.33000000000004,23.05000000000001,1,1,1.0
92,1,617.41,303.68,22.33000000000004,23.04000000000002,1,1,1.0
93,1,619.42,304.22,22.33000000000004,23.039999999999964,1,1,1.0
94,1,621.42,304.76,22.340000000000032,23.05000000000001,1,1,1.0
95,1,623.43,305.31,22.33000000000004,23.04000000000002,1,1,1.0
96,1,625.44,305.85,22.329999999999927,23.039999999999964,1,1,1.0
97,1,627.45,306.39,22.329999999999927,23.05000000000001,1,1,1.0
98,1,626.72,293.76,21.66999999999996,22.710000000000036,1,1,1.0
99,1,625.99,281.13,21.019999999999982,22.379999999999995,1,1,1.0
100,1,625.27,268.5,20.350000000000023,22.04000000000002,1,1,1.0
101,1,624.54,255.86,19.690000000000055,21.71999999999997,1,1,1.0
102,1,623.81,243.23,19.040000000000077,21.380000000000024,1,1,1.0
103,1,623.09,230.6,18.370000000000005,21.039999999999992,1,1,1.0
104,1,622.36,217.97,17.710000000000036,20.710000000000008,1,1,1.0
105,1,621.63,205.33,17.06000000000006,20.379999999999995,1,1,1.0
106,1,620.91,192.7,16.389999999999986,20.05000000000001,1,1,1.0
107,1,619.95,188.22,16.549999999999955,19.960000000000008,1,1,1.0
108,1,618.98,183.75,16.720000000000027,19.870000000000005,1,1,1.0
109,1,618.02,179.27,16.879999999999995,19.78,1,1,1.0
110,1,617.06,174.8,17.040000000000077,19.689999999999998,1,1,1.0
111,1,616.1,170.32,17.199999999999932,19.599999999999994,1,1,1.0
112,1,615.14,165.84,17.360000000000014,19.52000000000001,1,1,1.0
113,1,614.17,161.37,17.530000000000086,19.419999999999987,1,1,1.0
114,1,613.21,156.89,17.68999999999994,19.340000000000003,1,1,1.0
115,1,612.25,152.41,17.850000000000023,19.25,1,1,1.0
116,1,611.29,147.94,18.00999999999999,19.159999999999997,1,1,1.0
117,1,610.28,151.03,18.019999999999982,19.169999999999987,1,1,1.0
118,1,609.28,154.13,18.00999999999999,19.159999999999997,1,1,1.0
119,1,608.27,157.23,18.019999999999982,19.159999999999997,1,1,1.0
120,1,607.27,160.32,18.00999999999999,19.159999999999997,1,1,1.0
121,1,606.27,163.42,18.00999999999999,19.160000000000025,1,1,1.0
122,1,605.26,166.51,18.019999999999982,19.159999999999997,1,1,1.0
123,1,604.26,169.61,18.00999999999999,19.159999999999997,1,1,1.0
124,1,603.25,172.7,18.019999999999982,19.170000000000016,1,1,1.0
125,1,602.25,175.8,18.00999999999999,19.159999999999997,1,1,1.0
126,1,601.25,178.9,18.00999999999999,19.159999999999997,1,1,1.0
127,1,600.7,180.95,18.019999999999982,19.160000000000025,1,1,1.0
128,1,600.16,183.0,18.00999999999999,19.159999999999997,1,1,1.0
129,1,599.61,185.05,18.019999999999982,19.159999999999997,1,1,1.0
130,1,599.07,187.1,18.00999999999999,19.159999999999997,1,1,1.0
131,1,598.53,189.15,18.00999999999999,19.159999999999997,1,1,1.0
132,1,597.98,191.19,18.019999999999982,19.170000000000016,1,1,1.0
133,1,597.44,193.24,18.00999999999999,19.169999999999987,1,1,1.0
134,1,596.9,195.29,18.00999999999999,19.170000000000016,1,1,1.0
135,1,596.35,197.34,18.00999999999999,19.169999999999987,1,1,1.0
136,1,595.81,199.39,18.010000000000105,19.170000000000016,1,1,1.0
137,1,571.96,194.37,18.019999999999982,19.169999999999987,1,1,1.0
138,1,548.12,189.35,18.00999999999999,19.170000000000016,1,1,1.0
139,1,538.2,182.54,18.019999999999982,19.159999999999997,1,1,1.0
140,1,528.29,175.72,18.00999999999999,19.159999999999997,1,1,1.0
141,1,518.37,168.9,18.019999999999982,19.159999999999997,1,1,1.0
142,1,508.46,162.08,18.010000000000048,19.159999999999997,1,1,1.0
143,1,498.54,155.26,18.019999999999925,19.159999999999997,1,1,1.0
144,1,488.63,148.44,18.00999999999999,19.159999999999997,1,1,1.0
145,1,478.71,141.62,18.02000000000004,19.159999999999997,1,1,1.0
146,1,468.8,134.8,18.00999999999999,19.159999999999997,1,1,1.0
147,1,458.89,127.98,18.00999999999999,19.17,1,1,1.0
148,1,448.97,121.17,18.00999999999999,19.16000000000001,1,1,1.0
149,1,439.6,121.79,18.00999999999999,19.159999999999982,1,1,1.0
150,1,430.23,122.42,18.00999999999999,19.16000000000001,1,1,1.0
151,1,420.86,123.05,18.00999999999999,19.16000000000001,1,1,1.0
152,1,411.49,123.68,18.00999999999999,19.159999999999997,1,1,1.0
153,1,402.12,124.3,18.00999999999999,19.16000000000001,1,1,1.0
154,1,392.75,124.93,18.00999999999999,19.159999999999997,1,1,1.0
155,1,383.38,125.56,18.00999999999999,19.159999999999997,1,1,1.0
156,1,374.0,126.19,18.019999999999982,19.159999999999997,1,1,1.0
157,1,364.63,126.81,18.019999999999982,19.159999999999997,1,1,1.0
158,1,355.26,127.44,18.019999999999982,19.159999999999997,1,1,1.0
159,1,363.49,127.37,18.019999999999982,19.159999999999997,1,1,1.0
160,1,371.72,127.29,18.019999999999982,19.17,1,1,1.0
161,1,379.96,127.22,18.010000000000048,19.159999999999997,1,1,1.0
162,1,388.19,127.15,18.00999999999999,19.159999999999997,1,1,1.0
163,1,396.42,127.07,18.00999999999999,19.170000000000016,1,1,1.0
164,1,404.65,127.0,18.010000000000048,19.159999999999997,1,1,1.0
165,1,412.88,126.93,18.00999999999999,19.159999999999997,1,1,1.0
166,1,421.11,126.85,18.00999999999999,19.170000000000016,1,1,1.0
167,1,446.96,122.13,18.02000000000004,19.159999999999997,1,1,1.0
168,1,472.4,115.31,18.010000000000048,19.159999999999997,1,1,1.0
169,1,500.01,114.47,18.00999999999999,19.159999999999997,1,1,1.0
170,1,517.53,112.38,18.00999999999999,19.159999999999997,1,1,1.0
171,1,535.05,110.29,18.020000000000095,19.159999999999982,1,1,1.0
172,1,552.58,108.2,18.00999999999999,19.159999999999997,1,1,1.0
173,1,570.1,106.11,18.00999999999999,19.159999999999997,1,1,1.0
174,1,587.63,104.01,18.00999999999999,19.17,1,1,1.0
175,1,605.15,101.92,18.00999999999999,19.159999999999997,1,1,1.0
176,1,622.67,99.83,18.020000000000095,19.159999999999997,1,1,1.0
177,1,640.2,97.74,18.00999999999999,19.16000000000001,1,1,1.0
178,1,657.72,95.65,18.00999999999999,19.159999999999997,1,1,1.0
179,1,653.12,72.22,18.00999999999999,19.159999999999997,1,1,1.0
180,1,646.01,51.3,18.00999999999999,19.17,1,1,1.0
181,1,639.73,24.53,18.019999999999982,19.159999999999997,1,1,1.0
182,1,635.97,5.29,18.00999999999999,19.16,1,1,1.0
247,1,297.58,0.56,15.480000000000018,17.150000000000002,1,1,1.0
248,1,294.65,20.08,15.480000000000018,17.15,1,1,1.0
249,1,291.72,39.6,15.479999999999961,17.159999999999997,1,1,1.0
250,1,288.79,59.13,15.479999999999961,17.15,1,1,1.0
251,1,285.45,78.79,15.480000000000018,17.14999999999999,1,1,1.0
252,1,293.61,70.21,15.46999999999997,17.150000000000006,1,1,1.0
253,1,301.76,61.64,15.480000000000018,17.150000000000006,1,1,1.0
254,1,311.8,46.16,15.479999999999961,17.150000000000006,1,1,1.0
255,1,321.84,30.68,15.480000000000018,17.15,1,1,1.0
256,1,332.51,17.29,15.480000000000018,17.15,1,1,1.0
257,1,343.18,3.91,15.480000000000018,17.15,1,1,1.0
258,1,352.8,0.0,15.479999999999961,12.27,1,1,1.0
296,1,765.41,0.81,15.480000000000018,17.990000000000002,1,1,1.0
297,1,775.62,14.7,15.480000000000018,17.99,1,1,1.0
298,1,785.83,28.59,15.469999999999914,17.99,1,1,1.0
299,1,796.03,42.48,15.480000000000018,17.980000000000004,1,1,1.0
300,1,806.24,56.37,15.480000000000018,17.979999999999997,1,1,1.0
301,1,816.45,70.25,15.479999999999905,17.989999999999995,1,1,1.0
302,1,823.98,84.27,15.480000000000018,17.99000000000001,1,1,1.0
303,1,831.51,98.28,15.480000000000018,17.989999999999995,1,1,1.0
304,1,845.73,123.8,15.480000000000018,17.989999999999995,1,1,1.0
305,1,855.77,140.54,15.480000000000018,17.980000000000018,1,1,1.0
306,1,854.89,135.6,15.480000000000018,17.99000000000001,1,1,1.0
307,1,854.02,130.66,15.470000000000027,17.99000000000001,1,1,1.0
308,1,853.14,125.73,15.480000000000018,17.980000000000004,1,1,1.0
309,1,852.26,120.79,15.480000000000018,17.989999999999995,1,1,1.0
310,1,851.38,115.85,15.480000000000018,17.99000000000001,1,1,1.0
311,1,850.5,110.92,15.480000000000018,17.989999999999995,1,1,1.0
312,1,849.62,105.98,15.480000000000018,17.989999999999995,1,1,1.0
313,1,848.75,101.04,15.470000000000027,17.989999999999995,1,1,1.0
314,1,847.87,96.11,15.480000000000018,17.989999999999995,1,1,1.0
315,1,846.99,91.17,15.480000000000018,17.989999999999995,1,1,1.0
316,1,845.23,90.13,15.480000000000018,17.980000000000004,1,1,1.0
317,1,843.47,89.08,15.480000000000018,17.989999999999995,1,1,1.0
318,1,841.72,88.03,15.480000000000018,17.989999999999995,1,1,1.0
319,1,839.96,86.99,15.480000000000018,17.99000000000001,1,1,1.0
320,1,838.2,85.94,15.479999999999905,17.99000000000001,1,1,1.0
321,1,836.45,84.9,15.469999999999914,17.989999999999995,1,1,1.0
322,1,834.69,83.85,15.479999999999905,17.99000000000001,1,1,1.0
323,1,832.93,82.8,15.480000000000018,17.99000000000001,1,1,1.0
324,1,831.17,81.76,15.480000000000018,17.989999999999995,1,1,1.0
325,1,829.42,80.71,15.480000000000018,17.99000000000001,1,1,1.0
326,1,827.95,87.11,15.479999999999905,17.989999999999995,1,1,1.0
327,1,826.49,93.51,15.480000000000018,17.989999999999995,1,1,1.0
328,1,825.03,99.91,15.470000000000027,17.99000000000001,1,1,1.0
329,1,823.56,106.32,15.480000000000018,17.980000000000004,1,1,1.0
330,1,822.1,112.72,15.480000000000018,17.97999999999999,1,1,1.0
331,1,820.63,119.12,15.480000000000018,17.99000000000001,1,1,1.0
332,1,819.17,125.52,15.480000000000018,17.989999999999995,1,1,1.0
333,1,817.7,131.92,15.479999999999905,17.99000000000001,1,1,1.0
334,1,816.24,138.32,15.480000000000018,17.99000000000001,1,1,1.0
335,1,814.78,144.72,15.470000000000027,17.99000000000001,1,1,1.0
336,1,813.69,157.52,15.479999999999905,17.98999999999998,1,1,1.0
337,1,812.6,170.32,15.480000000000018,17.99000000000001,1,1,1.0
338,1,811.51,183.12,15.480000000000018,17.99000000000001,1,1,1.0
339,1,810.43,195.93,15.470000000000027,17.97999999999999,1,1,1.0
340,1,809.34,208.73,15.480000000000018,17.99000000000001,1,1,1.0
341,1,807.66,221.28,15.480000000000018,17.99000000000001,1,1,1.0
342,1,805.99,233.83,15.480000000000018,17.98999999999998,1,1,1.0
343,1,801.81,252.65,15.480000000000018,17.98999999999998,1,1,1.0
344,1,800.29,258.29,15.480000000000018,17.989999999999952,1,1,1.0
345,1,798.77,263.93,15.480000000000018,17.99000000000001,1,1,1.0
346,1,797.25,269.57,15.480000000000018,17.99000000000001,1,1,1.0
347,1,795.73,275.21,15.480000000000018,17.980000000000018,1,1,1.0
348,1,794.21,280.84,15.480000000000018,17.99000000000001,1,1,1.0
349,1,792.69,286.48,15.479999999999905,17.99000000000001,1,1,1.0
350,1,791.17,292.12,15.480000000000018,17.99000000000001,1,1,1.0
351,1,789.65,297.76,15.480000000000018,17.99000000000001,1,1,1.0
352,1,788.13,303.4,15.480000000000018,17.99000000000001,1,1,1.0
353,1,783.82,287.79,15.479999999999905,17.989999999999952,1,1,1.0
354,1,782.65,275.54,15.480000000000018,17.97999999999996,1,1,1.0
355,1,781.48,263.28,15.470000000000027,17.99000000000001,1,1,1.0
356,1,780.3,251.02,15.480000000000018,17.98999999999998,1,1,1.0
357,1,779.13,238.76,15.480000000000018,17.99000000000001,1,1,1.0
358,1,777.96,226.51,15.480000000000018,17.980000000000018,1,1,1.0
359,1,776.79,214.25,15.480000000000018,17.99000000000001,1,1,1.0
360,1,775.62,201.99,15.480000000000018,17.98999999999998,1,1,1.0
361,1,774.45,189.73,15.479999999999905,17.99000000000001,1,1,1.0
362,1,773.28,177.48,15.480000000000018,17.99000000000001,1,1,1.0
363,1,772.11,165.22,15.470000000000027,17.99000000000001,1,1,1.0
364,1,770.56,161.2,15.480000000000018,17.99000000000001,1,1,1.0
365,1,769.01,157.19,15.480000000000018,17.99000000000001,1,1,1.0
366,1,767.46,153.17,15.480000000000018,17.99000000000001,1,1,1.0
367,1,765.91,149.16,15.480000000000018,17.97999999999999,1,1,1.0
368,1,764.37,145.14,15.470000000000027,17.99000000000001,1,1,1.0
369,1,762.82,141.12,15.479999999999905,17.99000000000001,1,1,1.0
370,1,761.27,137.11,15.480000000000018,17.98999999999998,1,1,1.0
371,1,759.72,133.09,15.480000000000018,17.99000000000001,1,1,1.0
372,1,758.17,129.07,15.480000000000018,17.99000000000001,1,1,1.0
373,1,756.63,125.06,15.480000000000018,17.99000000000001,1,1,1.0
374,1,754.91,128.32,15.480000000000018,17.99000000000001,1,1,1.0
375,1,753.2,131.58,15.479999999999905,17.98999999999998,1,1,1.0
376,1,751.48,134.85,15.480000000000018,17.99000000000001,1,1,1.0
377,1,749.77,138.11,15.470000000000027,17.98999999999998,1,1,1.0
378,1,748.05,141.37,15.480000000000018,17.99000000000001,1,1,1.0
379,1,746.34,144.64,15.469999999999914,17.99000000000001,1,1,1.0
380,1,744.62,147.9,15.480000000000018,17.98999999999998,1,1,1.0
381,1,742.91,151.16,15.470000000000027,17.99000000000001,1,1,1.0
382,1,741.19,154.43,15.479999999999905,17.97999999999999,1,1,1.0
383,1,739.47,157.69,15.480000000000018,17.99000000000001,1,1,1.0
384,1,737.38,166.89,15.480000000000018,17.99000000000001,1,1,1.0
385,1,729.43,165.26,15.480000000000018,17.99000000000001,1,1,1.0
386,1,721.49,163.63,15.470000000000027,17.99000000000001,1,1,1.0
387,1,713.54,162.0,15.480000000000018,17.99000000000001,1,1,1.0
388,1,705.59,160.37,15.480000000000018,17.99000000000001,1,1,1.0
389,1,697.64,158.73,15.480000000000018,17.99000000000001,1,1,1.0
390,1,689.69,157.1,15.479999999999905,17.99000000000001,1,1,1.0
391,1,681.74,155.47,15.480000000000018,17.99000000000001,1,1,1.0
392,1,673.8,153.84,15.470000000000027,17.99000000000001,1,1,1.0
393,1,665.85,152.21,15.480000000000018,17.98999999999998,1,1,1.0
394,1,657.9,150.58,15.480000000000018,17.98999999999998,1,1,1.0
395,1,646.18,147.77,15.480000000000018,17.98999999999998,1,1,1.0
396,1,634.47,144.97,15.480000000000018,17.99000000000001,1,1,1.0
397,1,622.76,142.17,15.480000000000018,17.99000000000001,1,1,1.0
398,1,611.04,139.37,15.480000000000018,17.97999999999999,1,1,1.0
399,1,599.33,136.56,15.479999999999905,17.99000000000001,1,1,1.0
400,1,587.62,133.76,15.480000000000018,17.99000000000001,1,1,1.0
401,1,575.9,130.96,15.480000000000018,17.98999999999998,1,1,1.0
402,1,564.19,128.15,15.479999999999905,17.98999999999998,1,1,1.0
403,1,552.48,125.35,15.470000000000027,17.99000000000001,1,1,1.0
404,1,540.76,122.55,15.480000000000018,17.989999999999995,1,1,1.0
405,1,534.82,121.67,15.479999999999905,17.989999999999995,1,1,1.0
406,1,528.88,120.79,15.480000000000018,17.989999999999995,1,1,1.0
407,1,522.94,119.91,15.479999999999905,17.99000000000001,1,1,1.0
408,1,517.0,119.03,15.480000000000018,17.99000000000001,1,1,1.0
409,1,511.06,118.16,15.479999999999961,17.97999999999999,1,1,1.0
410,1,505.12,117.28,15.480000000000018,17.99000000000001,1,1,1.0
411,1,499.18,116.4,15.479999999999961,17.98999999999998,1,1,1.0
412,1,493.24,115.52,15.480000000000018,17.989999999999995,1,1,1.0
413,1,487.3,114.64,15.479999999999961,17.989999999999995,1,1,1.0
414,1,481.36,113.76,15.479999999999961,17.989999999999995,1,1,1.0
415,1,476.51,119.66,15.470000000000027,17.99000000000001,1,1,1.0
416,1,471.65,125.56,15.480000000000018,17.99000000000001,1,1,1.0
417,1,466.8,131.46,15.479999999999961,17.98999999999998,1,1,1.0
418,1,461.95,137.36,15.480000000000018,17.98999999999998,1,1,1.0
419,1,457.09,143.26,15.480000000000018,17.980000000000018,1,1,1.0
420,1,452.24,149.15,15.480000000000018,17.98999999999998,1,1,1.0
421,1,447.39,155.05,15.480000000000018,17.98999999999998,1,1,1.0
422,1,442.54,160.95,15.479999999999961,17.99000000000001,1,1,1.0
423,1,437.68,166.85,15.480000000000018,17.99000000000001,1,1,1.0
424,1,432.83,172.75,15.480000000000018,17.99000000000001,1,1,1.0
425,1,432.37,168.94,15.480000000000018,17.99000000000001,1,1,1.0
426,1,431.91,165.13,15.479999999999961,17.99000000000001,1,1,1.0
427,1,431.45,161.33,15.480000000000018,17.98999999999998,1,1,1.0
428,1,430.99,157.52,15.480000000000018,17.98999999999998,1,1,1.0
429,1,430.53,153.71,15.480000000000018,17.98999999999998,1,1,1.0
430,1,430.07,149.91,15.480000000000018,17.99000000000001,1,1,1.0
431,1,429.61,146.1,15.479999999999961,17.99000000000001,1,1,1.0
432,1,429.15,142.29,15.480000000000018,17.99000000000001,1,1,1.0
433,1,428.69,138.49,15.480000000000018,17.97999999999999,1,1,1.0
434,1,428.23,134.68,15.479999999999961,17.98999999999998,1,1,1.0
435,1,430.91,125.89,15.46999999999997,17.989999999999995,1,1,1.0
436,1,433.58,117.11,15.480000000000018,17.989999999999995,1,1,1.0
437,1,436.26,108.32,15.480000000000018,17.99000000000001,1,1,1.0
438,1,438.94,99.54,15.480000000000018,17.989999999999995,1,1,1.0
439,1,441.62,90.75,15.46999999999997,17.989999999999995,1,1,1.0
440,1,444.29,81.97,15.479999999999961,17.989999999999995,1,1,1.0
441,1,446.97,73.18,15.479999999999961,17.989999999999995,1,1,1.0
442,1,449.65,64.4,15.480000000000018,17.989999999999995,1,1,1.0
443,1,452.32,55.61,15.480000000000018,17.989999999999995,1,1,1.0
444,1,455.0,46.83,15.480000000000018,17.989999999999995,1,1,1.0
445,1,457.68,44.9,15.480000000000018,17.990000000000002,1,1,1.0
446,1,460.36,42.98,15.479999999999961,17.990000000000002,1,1,1.0
447,1,463.03,41.05,15.480000000000018,17.990000000000002,1,1,1.0
448,1,465.71,39.13,15.480000000000018,17.989999999999995,1,1,1.0
449,1,468.39,37.21,15.480000000000018,17.979999999999997,1,1,1.0
450,1,471.07,35.28,15.470000000000027,17.990000000000002,1,1,1.0
451,1,473.74,33.36,15.480000000000018,17.990000000000002,1,1,1.0
452,1,476.42,31.43,15.479999999999961,17.990000000000002,1,1,1.0
453,1,479.1,29.51,15.479999999999961,17.99,1,1,1.0
454,1,481.78,27.58,15.470000000000027,17.990000000000002,1,1,1.0
455,1,484.54,32.1,15.479999999999961,17.990000000000002,1,1,1.0
456,1,487.3,36.62,15.479999999999961,17.990000000000002,1,1,1.0
457,1,490.06,41.14,15.480000000000018,17.990000000000002,1,1,1.0
458,1,492.82,45.66,15.480000000000018,17.980000000000004,1,1,1.0
459,1,495.58,50.17,15.480000000000018,17.989999999999995,1,1,1.0
460,1,498.34,54.69,15.480000000000075,17.99000000000001,1,1,1.0
461,1,501.1,59.21,15.480000000000018,17.990000000000002,1,1,1.0
462,1,503.86,63.73,15.480000000000018,17.990000000000002,1,1,1.0
463,1,506.62,68.25,15.480000000000018,17.989999999999995,1,1,1.0
464,1,509.39,72.76,15.470000000000027,17.989999999999995,1,1,1.0
465,1,511.85,81.38,15.480000000000018,17.99000000000001,1,1,1.0
466,1,514.32,90.0,15.479999999999905,17.989999999999995,1,1,1.0
467,1,516.79,98.62,15.480000000000018,17.989999999999995,1,1,1.0
468,1,519.26,107.24,15.480000000000018,17.980000000000004,1,1,1.0
469,1,521.73,115.85,15.480000000000018,17.99000000000001,1,1,1.0
470,1,524.19,124.47,15.479999999999905,17.99000000000001,1,1,1.0
471,1,526.66,133.09,15.480000000000018,17.99000000000001,1,1,1.0
472,1,529.13,141.71,15.480000000000018,17.98999999999998,1,1,1.0
473,1,531.6,150.32,15.480000000000018,17.99000000000001,1,1,1.0
474,1,534.07,158.94,15.479999999999905,17.99000000000001,1,1,1.0
475,1,529.59,143.55,15.480000000000018,17.98999999999998,1,1,1.0
476,1,525.11,128.15,15.480000000000018,17.98999999999998,1,1,1.0
477,1,520.64,112.76,15.480000000000018,17.989999999999995,1,1,1.0
478,1,516.16,97.36,15.480000000000018,17.989999999999995,1,1,1.0
479,1,511.69,81.97,15.46999999999997,17.989999999999995,1,1,1.0
480,1,507.21,66.57,15.480000000000075,17.99000000000001,1,1,1.0
481,1,502.73,51.18,15.480000000000018,17.990000000000002,1,1,1.0
482,1,498.26,35.78,15.480000000000018,17.990000000000002,1,1,1.0
483,1,493.78,20.39,15.480000000000018,17.990000000000002,1,1,1.0
484,1,489.3,4.99,15.479999999999961,17.990000000000002,1,1,1.0
514,1,378.03,0.0,15.890000000000043,17.13,1,1,1.0
515,1,375.89,12.05,15.900000000000034,17.12,1,1,1.0
516,1,373.76,24.1,15.900000000000034,17.119999999999997,1,1,1.0
517,1,371.63,36.14,15.889999999999986,17.130000000000003,1,1,1.0
518,1,369.49,48.19,15.899999999999977,17.129999999999995,1,1,1.0
519,1,367.36,60.24,15.899999999999977,17.130000000000003,1,1,1.0
520,1,365.23,72.29,15.889999999999986,17.129999999999995,1,1,1.0
521,1,363.09,84.34,15.900000000000034,17.11999999999999,1,1,1.0
522,1,360.96,96.39,15.900000000000034,17.120000000000005,1,1,1.0
523,1,358.83,108.43,15.890000000000043,17.129999999999995,1,1,1.0
524,1,356.69,120.48,15.899999999999977,17.13000000000001,1,1,1.0
525,1,355.52,127.8,15.900000000000034,17.13000000000001,1,1,1.0
526,1,354.35,135.12,15.899999999999977,17.129999999999995,1,1,1.0
527,1,353.18,142.45,15.899999999999977,17.120000000000005,1,1,1.0
528,1,352.01,149.77,15.889999999999986,17.119999999999976,1,1,1.0
529,1,350.84,157.09,15.890000000000043,17.120000000000005,1,1,1.0
530,1,349.66,164.41,15.899999999999977,17.120000000000005,1,1,1.0
531,1,348.49,171.73,15.899999999999977,17.120000000000005,1,1,1.0
532,1,347.32,179.05,15.900000000000034,17.129999999999995,1,1,1.0
533,1,346.15,186.37,15.900000000000034,17.129999999999995,1,1,1.0
534,1,344.98,193.69,15.899999999999977,17.129999999999995,1,1,1.0
535,1,343.77,209.22,15.900000000000034,17.120000000000005,1,1,1.0
536,1,342.56,224.74,15.899999999999977,17.129999999999995,1,1,1.0
537,1,341.35,240.27,15.899999999999977,17.119999999999976,1,1,1.0
538,1,340.14,255.79,15.900000000000034,17.130000000000024,1,1,1.0
539,1,338.94,271.32,15.889999999999986,17.120000000000005,1,1,1.0
540,1,337.73,286.84,15.889999999999986,17.130000000000052,1,1,1.0
541,1,336.52,302.37,15.900000000000034,17.120000000000005,1,1,1.0
542,1,335.31,317.89,15.899999999999977,17.129999999999995,1,1,1.0
543,1,334.1,333.42,15.899999999999977,17.120000000000005,1,1,1.0
544,1,333.26,356.85,15.900000000000034,17.120000000000005,1,1,1.0
545,1,338.17,345.85,15.889999999999986,17.120000000000005,1,1,1.0
546,1,343.07,334.85,15.889999999999986,17.129999999999995,1,1,1.0
547,1,347.97,323.86,15.889999999999986,17.120000000000005,1,1,1.0
548,1,352.87,312.86,15.889999999999986,17.129999999999995,1,1,1.0
549,1,357.77,301.86,15.890000000000043,17.129999999999995,1,1,1.0
550,1,362.67,290.87,15.889999999999986,17.120000000000005,1,1,1.0
551,1,367.57,279.87,15.900000000000034,17.129999999999995,1,1,1.0
552,1,375.56,262.43,15.899999999999977,17.120000000000005,1,1,1.0
553,1,383.55,244.98,15.899999999999977,17.130000000000024,1,1,1.0
554,1,391.54,227.54,15.899999999999977,17.120000000000005,1,1,1.0
555,1,399.53,210.09,15.900000000000034,17.129999999999995,1,1,1.0
556,1,407.52,192.65,15.900000000000034,17.120000000000005,1,1,1.0
557,1,415.51,175.2,15.900000000000034,17.130000000000024,1,1,1.0
558,1,423.5,157.76,15.899999999999977,17.120000000000005,1,1,1.0
559,1,431.49,140.31,15.899999999999977,17.129999999999995,1,1,1.0
560,1,439.48,122.87,15.899999999999977,17.120000000000005,1,1,1.0
561,1,447.47,105.42,15.899999999999977,17.129999999999995,1,1,1.0
562,1,455.63,96.89,15.899999999999977,17.129999999999995,1,1,1.0
563,1,463.79,88.36,15.889999999999986,17.120000000000005,1,1,1.0
564,1,471.94,79.82,15.899999999999977,17.13000000000001,1,1,1.0
565,1,480.1,71.29,15.899999999999977,17.11999999999999,1,1,1.0
566,1,488.26,62.75,15.900000000000034,17.129999999999995,1,1,1.0
567,1,496.42,54.22,15.88999999999993,17.120000000000005,1,1,1.0
568,1,504.57,45.68,15.900000000000034,17.130000000000003,1,1,1.0
569,1,512.73,37.15,15.899999999999977,17.130000000000003,1,1,1.0
570,1,520.89,28.62,15.899999999999977,17.12,1,1,1.0
571,1,529.05,20.08,15.8900000000001,17.130000000000003,1,1,1.0
572,1,536.95,20.21,15.899999999999977,17.119999999999997,1,1,1.0
573,1,544.86,20.33,15.899999999999977,17.130000000000003,1,1,1.0
574,1,552.77,20.46,15.889999999999986,17.119999999999997,1,1,1.0
575,1,560.67,20.58,15.900000000000091,17.130000000000003,1,1,1.0
576,1,568.58,20.71,15.899999999999977,17.130000000000003,1,1,1.0
577,1,576.49,20.83,15.889999999999986,17.130000000000003,1,1,1.0
578,1,584.39,20.96,15.899999999999977,17.130000000000003,1,1,1.0
579,1,592.3,21.09,15.900000000000091,17.12,1,1,1.0
580,1,600.21,21.21,15.889999999999986,17.130000000000003,1,1,1.0
581,1,608.11,21.34,15.899999999999977,17.12,1,1,1.0
582,1,615.48,28.91,15.889999999999986,17.12,1,1,1.0
583,1,622.84,36.48,15.899999999999977,17.130000000000003,1,1,1.0
584,1,630.2,44.05,15.899999999999977,17.130000000000003,1,1,1.0
585,1,637.57,51.62,15.889999999999986,17.130000000000003,1,1,1.0
586,1,644.93,59.2,15.900000000000091,17.11999999999999,1,1,1.0
587,1,652.29,66.77,15.900000000000091,17.120000000000005,1,1,1.0
588,1,659.65,74.34,15.899999999999977,17.129999999999995,1,1,1.0
589,1,667.02,81.91,15.889999999999986,17.13000000000001,1,1,1.0
590,1,674.38,89.48,15.899999999999977,17.129999999999995,1,1,1.0
591,1,681.74,97.06,15.899999999999977,17.120000000000005,1,1,1.0
592,1,687.98,112.12,15.889999999999986,17.120000000000005,1,1,1.0
593,1,694.21,127.18,15.899999999999977,17.120000000000005,1,1,1.0
594,1,700.44,142.24,15.899999999999977,17.120000000000005,1,1,1.0
595,1,706.67,157.3,15.900000000000091,17.119999999999976,1,1,1.0
596,1,712.91,172.36,15.899999999999977,17.119999999999976,1,1,1.0
597,1,719.14,187.42,15.899999999999977,17.120000000000005,1,1,1.0
598,1,725.37,202.48,15.899999999999977,17.120000000000005,1,1,1.0
599,1,731.61,217.54,15.889999999999986,17.120000000000005,1,1,1.0
600,1,737.84,232.6,15.899999999999977,17.120000000000005,1,1,1.0
601,1,744.07,247.66,15.899999999999977,17.119999999999976,1,1,1.0
602,1,749.68,239.29,15.900000000000091,17.130000000000024,1,1,1.0
603,1,755.29,230.93,15.889999999999986,17.120000000000005,1,1,1.0
604,1,760.89,222.56,15.899999999999977,17.120000000000005,1,1,1.0
605,1,766.5,214.19,15.889999999999986,17.129999999999995,1,1,1.0
606,1,772.1,205.83,15.899999999999977,17.119999999999976,1,1,1.0
607,1,777.71,197.46,15.899999999999977,17.120000000000005,1,1,1.0
608,1,783.31,189.09,15.900000000000091,17.129999999999995,1,1,1.0
609,1,788.92,180.72,15.900000000000091,17.129999999999995,1,1,1.0
610,1,794.53,172.36,15.889999999999986,17.119999999999976,1,1,1.0
611,1,800.13,163.99,15.899999999999977,17.129999999999995,1,1,1.0
612,1,805.65,160.98,15.899999999999977,17.120000000000005,1,1,1.0
613,1,811.18,157.97,15.8900000000001,17.120000000000005,1,1,1.0
614,1,816.7,154.95,15.889999999999986,17.130000000000024,1,1,1.0
615,1,822.22,151.94,15.899999999999977,17.129999999999995,1,1,1.0
616,1,827.74,148.93,15.899999999999977,17.129999999999995,1,1,1.0
617,1,833.26,145.92,15.899999999999977,17.120000000000005,1,1,1.0
618,1,838.79,142.91,15.889999999999986,17.120000000000005,1,1,1.0
619,1,844.31,139.89,15.900000000000091,17.130000000000024,1,1,1.0
620,1,849.83,136.88,15.899999999999977,17.129999999999995,1,1,1.0
621,1,855.35,133.87,15.899999999999977,17.129999999999995,1,1,1.0
622,1,858.53,136.97,15.899999999999977,17.120000000000005,1,1,1.0
623,1,861.71,140.06,15.899999999999977,17.129999999999995,1,1,1.0
624,1,864.89,143.16,15.899999999999977,17.120000000000005,1,1,1.0
625,1,868.07,146.25,15.899999999999977,17.129999999999995,1,1,1.0
626,1,871.25,149.35,15.899999999999977,17.120000000000005,1,1,1.0
627,1,874.43,152.44,15.900000000000091,17.129999999999995,1,1,1.0
628,1,877.61,155.54,15.899999999999977,17.129999999999995,1,1,1.0
629,1,880.79,158.64,15.889999999999986,17.120000000000005,1,1,1.0
630,1,883.97,161.73,15.889999999999986,17.130000000000024,1,1,1.0
631,1,887.15,164.83,15.889999999999986,17.119999999999976,1,1,1.0
632,1,870.41,161.94,15.899999999999977,17.129999999999995,1,1,1.0
633,1,853.68,159.05,15.900000000000091,17.129999999999995,1,1,1.0
634,1,836.95,156.17,15.889999999999986,17.120000000000005,1,1,1.0
635,1,820.21,153.28,15.899999999999977,17.129999999999995,1,1,1.0
636,1,803.48,150.39,15.899999999999977,17.130000000000024,1,1,1.0
637,1,786.74,147.51,15.899999999999977,17.120000000000005,1,1,1.0
638,1,770.01,144.62,15.899999999999977,17.129999999999995,1,1,1.0
639,1,753.28,141.73,15.889999999999986,17.130000000000024,1,1,1.0
640,1,736.54,138.85,15.900000000000091,17.120000000000005,1,1,1.0
641,1,719.81,135.96,15.900000000000091,17.129999999999995,1,1,1.0
642,1,705.33,139.73,15.889999999999986,17.120000000000005,1,1,1.0
643,1,690.84,143.49,15.899999999999977,17.129999999999995,1,1,1.0
644,1,676.36,147.26,15.889999999999986,17.120000000000005,1,1,1.0
645,1,661.87,151.02,15.899999999999977,17.129999999999995,1,1,1.0
646,1,647.39,154.79,15.889999999999986,17.120000000000005,1,1,1.0
647,1,632.9,158.55,15.899999999999977,17.129999999999995,1,1,1.0
648,1,618.42,162.32,15.889999999999986,17.120000000000005,1,1,1.0
649,1,603.93,166.08,15.900000000000091,17.129999999999995,1,1,1.0
650,1,601.0,171.52,15.899999999999977,17.129999999999995,1,1,1.0
651,1,597.45,166.04,15.889999999999986,17.129999999999995,1,1,1.0
652,1,593.89,160.56,15.899999999999977,17.129999999999995,1,1,1.0
653,1,590.34,155.08,15.889999999999986,17.129999999999995,1,1,1.0
654,1,586.78,149.6,15.899999999999977,17.120000000000005,1,1,1.0
655,1,583.22,144.12,15.899999999999977,17.120000000000005,1,1,1.0
656,1,579.67,138.64,15.889999999999986,17.120000000000005,1,1,1.0
657,1,576.11,133.16,15.899999999999977,17.120000000000005,1,1,1.0
658,1,572.56,127.68,15.8900000000001,17.120000000000005,1,1,1.0
659,1,569.0,122.2,15.899999999999977,17.11999999999999,1,1,1.0
660,1,565.44,116.72,15.899999999999977,17.120000000000005,1,1,1.0
661,1,566.41,110.15,15.889999999999986,17.129999999999995,1,1,1.0
662,1,567.37,103.58,15.889999999999986,17.129999999999995,1,1,1.0
663,1,568.33,97.01,15.899999999999977,17.129999999999995,1,1,1.0
664,1,569.29,90.45,15.900000000000091,17.11999999999999,1,1,1.0
665,1,570.25,83.88,15.899999999999977,17.120000000000005,1,1,1.0
666,1,571.22,77.31,15.889999999999986,17.129999999999995,1,1,1.0
667,1,572.18,70.74,15.900000000000091,17.13000000000001,1,1,1.0
668,1,573.14,64.17,15.899999999999977,17.129999999999995,1,1,1.0
669,1,574.1,57.61,15.899999999999977,17.120000000000005,1,1,1.0
670,1,575.06,51.04,15.900000000000091,17.119999999999997,1,1,1.0
671,1,575.57,50.7,15.889999999999986,17.129999999999995,1,1,1.0
672,1,576.07,50.37,15.899999999999977,17.119999999999997,1,1,1.0
673,1,576.57,50.03,15.899999999999977,17.129999999999995,1,1,1.0
674,1,577.07,49.7,15.899999999999977,17.11999999999999,1,1,1.0
675,1,577.57,49.36,15.899999999999977,17.129999999999995,1,1,1.0
676,1,578.08,49.03,15.889999999999986,17.129999999999995,1,1,1.0
677,1,578.58,48.7,15.899999999999977,17.11999999999999,1,1,1.0
678,1,579.08,48.36,15.899999999999977,17.129999999999995,1,1,1.0
679,1,579.58,48.03,15.899999999999977,17.120000000000005,1,1,1.0
680,1,580.08,47.69,15.899999999999977,17.129999999999995,1,1,1.0
681,1,580.84,53.88,15.889999999999986,17.130000000000003,1,1,1.0
682,1,581.59,60.07,15.899999999999977,17.130000000000003,1,1,1.0
683,1,582.34,66.27,15.899999999999977,17.120000000000005,1,1,1.0
684,1,583.1,72.46,15.889999999999986,17.120000000000005,1,1,1.0
685,1,583.85,78.65,15.899999999999977,17.11999999999999,1,1,1.0
686,1,584.6,84.84,15.899999999999977,17.129999999999995,1,1,1.0
687,1,585.36,91.03,15.889999999999986,17.129999999999995,1,1,1.0
688,1,586.11,97.22,15.899999999999977,17.129999999999995,1,1,1.0
689,1,586.86,103.41,15.899999999999977,17.13000000000001,1,1,1.0
690,1,587.62,109.61,15.889999999999986,17.120000000000005,1,1,1.0
691,1,595.1,106.68,15.899999999999977,17.11999999999999,1,1,1.0
692,1,602.59,103.75,15.899999999999977,17.120000000000005,1,1,1.0
693,1,610.08,100.82,15.899999999999977,17.13000000000001,1,1,1.0
694,1,617.57,97.89,15.899999999999977,17.129999999999995,1,1,1.0
695,1,625.06,94.96,15.8900000000001,17.13000000000001,1,1,1.0
696,1,632.54,92.03,15.900000000000091,17.129999999999995,1,1,1.0
697,1,640.03,89.11,15.899999999999977,17.120000000000005,1,1,1.0
698,1,647.52,86.18,15.899999999999977,17.11999999999999,1,1,1.0
699,1,655.01,83.25,15.899999999999977,17.129999999999995,1,1,1.0
700,1,662.5,80.32,15.889999999999986,17.13000000000001,1,1,1.0
701,1,673.29,78.02,15.900000000000091,17.13000000000001,1,1,1.0
702,1,684.08,75.72,15.899999999999977,17.129999999999995,1,1,1.0
703,1,694.88,73.42,15.889999999999986,17.120000000000005,1,1,1.0
704,1,705.67,71.12,15.900000000000091,17.11999999999999,1,1,1.0
705,1,716.46,68.82,15.899999999999977,17.120000000000005,1,1,1.0
706,1,727.26,66.52,15.889999999999986,17.120000000000005,1,1,1.0
707,1,738.05,64.22,15.900000000000091,17.120000000000005,1,1,1.0
708,1,748.84,61.91,15.899999999999977,17.13000000000001,1,1,1.0
709,1,759.64,59.61,15.889999999999986,17.129999999999995,1,1,1.0
710,1,770.43,57.31,15.900000000000091,17.129999999999995,1,1,1.0
711,1,780.93,61.66,15.900000000000091,17.13000000000001,1,1,1.0
712,1,791.43,66.01,15.900000000000091,17.129999999999995,1,1,1.0
713,1,801.93,70.36,15.900000000000091,17.129999999999995,1,1,1.0
714,1,812.43,74.72,15.900000000000091,17.120000000000005,1,1,1.0
715,1,822.93,79.07,15.900000000000091,17.120000000000005,1,1,1.0
716,1,833.43,83.42,15.900000000000091,17.120000000000005,1,1,1.0
717,1,843.93,87.77,15.900000000000091,17.120000000000005,1,1,1.0
718,1,854.43,92.12,15.900000000000091,17.11999999999999,1,1,1.0
719,1,864.93,96.47,15.900000000000091,17.129999999999995,1,1,1.0
720,1,875.43,100.82,15.900000000000091,17.13000000000001,1,1,1.0
721,1,876.77,101.99,15.899999999999977,17.13000000000001,1,1,1.0
722,1,878.11,103.16,15.899999999999977,17.13000000000001,1,1,1.0
723,1,879.45,104.33,15.899999999999977,17.129999999999995,1,1,1.0
724,1,880.79,105.51,15.900000000000091,17.11999999999999,1,1,1.0
725,1,882.13,106.68,15.889999999999986,17.11999999999999,1,1,1.0
726,1,883.47,107.85,15.889999999999986,17.120000000000005,1,1,1.0
727,1,884.8,109.02,15.900000000000091,17.120000000000005,1,1,1.0
728,1,886.14,110.19,15.899999999999977,17.129999999999995,1,1,1.0
729,1,887.48,111.36,15.899999999999977,17.13000000000001,1,1,1.0
730,1,888.82,112.53,15.899999999999977,17.129999999999995,1,1,1.0
731,1,887.06,117.01,15.900000000000091,17.12999999999998,1,1,1.0
732,1,885.31,121.49,15.8900000000001,17.12000000000002,1,1,1.0
733,1,883.55,125.96,15.900000000000091,17.13000000000001,1,1,1.0
734,1,881.79,130.44,15.900000000000091,17.120000000000005,1,1,1.0
735,1,880.04,134.91,15.889999999999986,17.129999999999995,1,1,1.0
736,1,878.28,139.39,15.899999999999977,17.130000000000024,1,1,1.0
737,1,876.52,143.87,15.899999999999977,17.120000000000005,1,1,1.0
738,1,874.76,148.34,15.899999999999977,17.129999999999995,1,1,1.0
739,1,873.01,152.82,15.889999999999986,17.129999999999995,1,1,1.0
740,1,871.25,157.3,15.899999999999977,17.119999999999976,1,1,1.0
741,1,868.95,168.72,15.899999999999977,17.120000000000005,1,1,1.0
742,1,866.65,180.14,15.889999999999986,17.120000000000005,1,1,1.0
743,1,864.35,191.56,15.889999999999986,17.120000000000005,1,1,1.0
744,1,862.05,202.98,15.8900000000001,17.120000000000005,1,1,1.0
745,1,859.75,214.4,15.889999999999986,17.120000000000005,1,1,1.0
746,1,857.44,225.82,15.899999999999977,17.129999999999995,1,1,1.0
747,1,855.14,237.24,15.899999999999977,17.129999999999995,1,1,1.0
748,1,852.84,248.66,15.899999999999977,17.130000000000024,1,1,1.0
749,1,850.54,260.08,15.900000000000091,17.129999999999995,1,1,1.0
750,1,848.24,271.5,15.899999999999977,17.129999999999995,1,1,1.0
751,1,842.09,269.75,15.899999999999977,17.120000000000005,1,1,1.0
752,1,835.94,267.99,15.899999999999977,17.120000000000005,1,1,1.0
753,1,829.79,266.23,15.900000000000091,17.129999999999995,1,1,1.0
754,1,823.64,264.47,15.899999999999977,17.129999999999995,1,1,1.0
755,1,817.49,262.72,15.899999999999977,17.119999999999948,1,1,1.0
756,1,811.34,260.96,15.899999999999977,17.129999999999995,1,1,1.0
757,1,805.19,259.2,15.899999999999977,17.129999999999995,1,1,1.0
758,1,799.04,257.45,15.900000000000091,17.120000000000005,1,1,1.0
759,1,792.9,255.69,15.889999999999986,17.129999999999995,1,1,1.0
760,1,786.75,253.93,15.889999999999986,17.129999999999995,1,1,1.0
761,1,777.67,245.27,15.889999999999986,17.129999999999967,1,1,1.0
762,1,768.59,236.61,15.899999999999977,17.129999999999995,1,1,1.0
763,1,759.51,227.95,15.899999999999977,17.130000000000024,1,1,1.0
764,1,750.43,219.29,15.900000000000091,17.129999999999995,1,1,1.0
765,1,741.36,210.63,15.889999999999986,17.129999999999995,1,1,1.0
766,1,732.28,201.98,15.889999999999986,17.120000000000005,1,1,1.0
767,1,723.2,193.32,15.899999999999977,17.120000000000005,1,1,1.0
768,1,714.12,184.66,15.899999999999977,17.120000000000005,1,1,1.0
769,1,705.04,176.0,15.900000000000091,17.120000000000005,1,1,1.0
770,1,695.97,167.34,15.889999999999986,17.120000000000005,1,1,1.0
771,1,687.18,166.71,15.900000000000091,17.120000000000005,1,1,1.0
772,1,678.4,166.08,15.889999999999986,17.129999999999995,1,1,1.0
773,1,669.61,165.45,15.899999999999977,17.130000000000024,1,1,1.0
774,1,660.83,164.83,15.889999999999986,17.119999999999976,1,1,1.0
775,1,652.04,164.2,15.900000000000091,17.120000000000005,1,1,1.0
776,1,643.25,163.57,15.899999999999977,17.129999999999995,1,1,1.0
777,1,634.47,162.94,15.899999999999977,17.129999999999995,1,1,1.0
778,1,625.68,162.32,15.900000000000091,17.120000000000005,1,1,1.0
779,1,616.9,161.69,15.899999999999977,17.120000000000005,1,1,1.0
780,1,608.11,161.06,15.899999999999977,17.129999999999995,1,1,1.0
781,1,599.29,168.8,15.889999999999986,17.129999999999995,1,1,1.0
782,1,590.46,176.54,15.899999999999977,17.129999999999995,1,1,1.0
783,1,581.63,184.28,15.899999999999977,17.120000000000005,1,1,1.0
784,1,572.81,192.02,15.8900000000001,17.119999999999976,1,1,1.0
785,1,563.98,199.76,15.899999999999977,17.120000000000005,1,1,1.0
786,1,555.15,207.5,15.899999999999977,17.120000000000005,1,1,1.0
787,1,546.33,215.24,15.889999999999986,17.120000000000005,1,1,1.0
788,1,537.5,222.98,15.899999999999977,17.120000000000005,1,1,1.0
789,1,528.67,230.71,15.900000000000091,17.129999999999995,1,1,1.0
790,1,519.84,238.45,15.899999999999977,17.130000000000024,1,1,1.0
791,1,514.2,235.07,15.889999999999986,17.120000000000005,1,1,1.0
792,1,508.55,231.68,15.900000000000034,17.120000000000005,1,1,1.0
793,1,502.9,228.29,15.899999999999977,17.120000000000005,1,1,1.0
794,1,497.25,224.9,15.899999999999977,17.129999999999995,1,1,1.0
795,1,491.61,221.51,15.889999999999986,17.129999999999995,1,1,1.0
796,1,485.96,218.12,15.900000000000034,17.129999999999995,1,1,1.0
797,1,480.31,214.73,15.899999999999977,17.130000000000024,1,1,1.0
798,1,474.66,211.35,15.899999999999977,17.120000000000005,1,1,1.0
799,1,469.02,207.96,15.890000000000043,17.120000000000005,1,1,1.0
800,1,463.37,204.57,15.899999999999977,17.120000000000005,1,1,1.0
801,1,460.98,189.8,15.899999999999977,17.129999999999995,1,1,1.0
802,1,458.6,175.03,15.899999999999977,17.129999999999995,1,1,1.0
803,1,456.22,160.27,15.889999999999986,17.119999999999976,1,1,1.0
804,1,453.83,145.5,15.900000000000034,17.120000000000005,1,1,1.0
805,1,451.45,130.73,15.889999999999986,17.130000000000024,1,1,1.0
806,1,449.06,115.96,15.899999999999977,17.13000000000001,1,1,1.0
807,1,446.68,101.2,15.889999999999986,17.11999999999999,1,1,1.0
808,1,444.29,86.43,15.899999999999977,17.11999999999999,1,1,1.0
809,1,441.91,71.66,15.889999999999986,17.13000000000001,1,1,1.0
810,1,439.52,56.89,15.900000000000034,17.129999999999995,1,1,1.0
811,1,437.18,51.21,15.899999999999977,16.949999999999996,1,1,1.0
812,1,434.84,45.52,15.890000000000043,16.79,1,1,1.0
813,1,432.5,39.83,15.889999999999986,16.620000000000005,1,1,1.0
814,1,430.15,34.14,15.900000000000034,16.450000000000003,1,1,1.0
815,1,427.81,28.45,15.899999999999977,16.290000000000003,1,1,1.0
816,1,425.47,22.76,15.889999999999986,16.12,1,1,1.0
817,1,423.12,17.07,15.899999999999977,15.950000000000003,1,1,1.0
818,1,420.78,11.38,15.900000000000034,15.790000000000001,1,1,1.0
819,1,418.44,5.69,15.899999999999977,15.619999999999997,1,1,1.0
820,1,416.1,0.0,15.889999999999986,15.45,1,1,1.0
821,1,414.25,1.92,15.899999999999977,15.459999999999999,1,1,1.0
822,1,412.41,3.85,15.899999999999977,15.450000000000001,1,1,1.0
823,1,410.57,5.77,15.900000000000034,15.46,1,1,1.0
824,1,408.73,7.7,15.899999999999977,15.45,1,1,1.0
825,1,406.89,9.62,15.900000000000034,15.450000000000001,1,1,1.0
826,1,405.05,11.55,15.899999999999977,15.45,1,1,1.0
827,1,403.21,13.47,15.900000000000034,15.450000000000001,1,1,1.0
828,1,401.37,15.4,15.899999999999977,15.450000000000001,1,1,1.0
829,1,399.53,17.32,15.900000000000034,15.450000000000003,1,1,1.0
830,1,397.69,19.24,15.899999999999977,15.460000000000004,1,1,1.0
831,1,396.39,28.53,15.900000000000034,15.449999999999996,1,1,1.0
832,1,395.09,37.82,15.900000000000034,15.450000000000003,1,1,1.0
833,1,393.8,47.11,15.889999999999986,15.450000000000003,1,1,1.0
834,1,392.5,56.39,15.899999999999977,15.459999999999994,1,1,1.0
835,1,391.2,65.68,15.900000000000034,15.449999999999989,1,1,1.0
836,1,389.91,74.97,15.889999999999986,15.450000000000003,1,1,1.0
837,1,388.61,84.25,15.899999999999977,15.459999999999994,1,1,1.0
838,1,387.31,93.54,15.899999999999977,15.449999999999989,1,1,1.0
839,1,386.02,102.83,15.890000000000043,15.450000000000003,1,1,1.0
840,1,384.72,112.12,15.899999999999977,15.449999999999989,1,1,1.0
841,1,384.82,125.19,15.900000000000034,15.449999999999989,1,1,1.0
842,1,384.93,138.26,15.899999999999977,15.460000000000008,1,1,1.0
843,1,385.03,151.34,15.900000000000034,15.449999999999989,1,1,1.0
844,1,385.14,164.41,15.900000000000034,15.450000000000017,1,1,1.0
845,1,399.36,163.57,15.899999999999977,15.450000000000017,1,1,1.0
846,1,411.91,163.57,15.899999999999977,15.450000000000017,1,1,1.0
847,1,420.7,163.57,15.900000000000034,15.450000000000017,1,1,1.0
848,1,422.48,165.51,15.889999999999986,15.450000000000017,1,1,1.0
849,1,424.25,167.44,15.899999999999977,15.449999999999989,1,1,1.0
850,1,426.03,169.38,15.900000000000034,15.450000000000017,1,1,1.0
851,1,427.81,171.31,15.899999999999977,15.449999999999989,1,1,1.0
852,1,429.59,173.25,15.890000000000043,15.449999999999989,1,1,1.0
853,1,431.37,175.18,15.889999999999986,15.449999999999989,1,1,1.0
854,1,433.14,177.12,15.900000000000034,15.449999999999989,1,1,1.0
855,1,434.92,179.05,15.899999999999977,15.449999999999989,1,1,1.0
856,1,436.7,180.99,15.900000000000034,15.449999999999989,1,1,1.0
857,1,438.48,182.92,15.889999999999986,15.450000000000017,1,1,1.0
858,1,440.26,184.86,15.889999999999986,15.449999999999989,1,1,1.0
859,1,442.03,186.79,15.900000000000034,15.450000000000017,1,1,1.0
860,1,443.81,188.72,15.899999999999977,15.460000000000008,1,1,1.0
861,1,445.59,190.66,15.900000000000034,15.450000000000017,1,1,1.0
862,1,447.37,192.59,15.889999999999986,15.460000000000008,1,1,1.0
863,1,449.14,194.53,15.900000000000034,15.449999999999989,1,1,1.0
864,1,449.14,185.74,15.900000000000034,15.45999999999998,1,1,1.0
865,1,449.49,180.72,15.889999999999986,15.460000000000008,1,1,1.0
866,1,449.83,175.7,15.900000000000034,15.460000000000008,1,1,1.0
867,1,450.17,170.68,15.899999999999977,15.45999999999998,1,1,1.0
868,1,450.51,165.66,15.900000000000034,15.460000000000008,1,1,1.0
869,1,450.86,160.64,15.889999999999986,15.460000000000008,1,1,1.0
870,1,451.2,155.62,15.889999999999986,15.460000000000008,1,1,1.0
871,1,451.54,150.6,15.899999999999977,15.460000000000008,1,1,1.0
872,1,451.88,145.58,15.899999999999977,15.45999999999998,1,1,1.0
873,1,452.22,140.56,15.899999999999977,15.460000000000008,1,1,1.0
874,1,452.57,135.54,15.889999999999986,15.460000000000008,1,1,1.0
875,1,452.91,130.52,15.899999999999977,15.45999999999998,1,1,1.0
876,1,453.41,132.28,15.899999999999977,15.449999999999989,1,1,1.0
877,1,453.91,134.04,15.899999999999977,15.450000000000017,1,1,1.0
878,1,454.42,135.79,15.889999999999986,15.460000000000008,1,1,1.0
879,1,454.92,137.55,15.889999999999986,15.449999999999989,1,1,1.0
880,1,455.42,139.31,15.899999999999977,15.449999999999989,1,1,1.0
881,1,455.92,141.07,15.899999999999977,15.450000000000017,1,1,1.0
882,1,456.42,142.82,15.899999999999977,15.460000000000008,1,1,1.0
883,1,456.92,144.58,15.899999999999977,15.449999999999989,1,1,1.0
884,1,457.43,146.34,15.889999999999986,15.449999999999989,1,1,1.0
885,1,457.93,148.09,15.899999999999977,15.460000000000008,1,1,1.0
886,1,463.83,138.51,15.890000000000043,15.460000000000008,1,1,1.0
887,1,469.73,128.93,15.889999999999986,15.45999999999998,1,1,1.0
888,1,475.62,119.35,15.899999999999977,15.460000000000008,1,1,1.0
889,1,481.52,109.77,15.900000000000034,15.460000000000008,1,1,1.0
890,1,487.42,100.19,15.899999999999977,15.460000000000008,1,1,1.0
891,1,493.32,90.61,15.900000000000034,15.459999999999994,1,1,1.0
892,1,499.22,81.03,15.899999999999977,15.459999999999994,1,1,1.0
893,1,505.12,71.45,15.889999999999986,15.459999999999994,1,1,1.0
894,1,511.02,61.87,15.889999999999986,15.46,1,1,1.0
895,1,516.92,52.29,15.889999999999986,15.46,1,1,1.0
896,1,524.03,41.7,15.889999999999986,15.449999999999996,1,1,1.0
897,1,531.14,31.1,15.899999999999977,15.449999999999996,1,1,1.0
898,1,538.25,20.5,15.899999999999977,15.450000000000003,1,1,1.0
899,1,549.34,10.25,15.889999999999986,14.620000000000001,1,1,1.0
900,1,560.42,0.0,15.900000000000091,13.78,1,1,1.0
901,1,560.42,0.0,15.900000000000091,13.78,1,1,1.0
918,1,679.65,0.0,18.409999999999968,17.96,1,1,1.0
919,1,686.0,8.23,18.399999999999977,17.96,1,1,1.0
920,1,692.34,16.45,18.409999999999968,17.970000000000002,1,1,1.0
921,1,698.69,24.68,18.399999999999977,17.96,1,1,1.0
922,1,705.03,32.91,18.410000000000082,17.96,1,1,1.0
923,1,711.37,41.14,18.409999999999968,17.96,1,1,1.0
924,1,717.72,49.36,18.409999999999968,17.97,1,1,1.0
925,1,721.4,59.07,18.409999999999968,17.96,1,1,1.0
926,1,725.08,68.78,18.409999999999968,17.959999999999994,1,1,1.0
927,1,728.76,78.48,18.409999999999968,17.959999999999994,1,1,1.0
928,1,732.44,88.19,18.409999999999968,17.960000000000008,1,1,1.0
929,1,736.13,97.89,18.399999999999977,17.959999999999994,1,1,1.0
930,1,724.25,102.12,18.399999999999977,17.959999999999994,1,1,1.0
931,1,712.36,106.34,18.409999999999968,17.959999999999994,1,1,1.0
932,1,700.48,110.57,18.409999999999968,17.960000000000008,1,1,1.0
933,1,688.6,114.79,18.409999999999968,17.959999999999994,1,1,1.0
934,1,676.72,119.02,18.409999999999968,17.959999999999994,1,1,1.0
935,1,664.84,123.24,18.409999999999968,17.959999999999994,1,1,1.0
936,1,652.96,127.47,18.409999999999968,17.960000000000008,1,1,1.0
937,1,641.08,131.69,18.409999999999968,17.960000000000008,1,1,1.0
938,1,629.2,135.92,18.399999999999977,17.960000000000008,1,1,1.0
939,1,617.32,140.14,18.399999999999977,17.970000000000027,1,1,1.0
940,1,606.52,150.23,18.409999999999968,17.960000000000008,1,1,1.0
941,1,595.73,160.31,18.409999999999968,17.960000000000008,1,1,1.0
942,1,584.94,170.39,18.399999999999977,17.960000000000008,1,1,1.0
943,1,574.14,180.47,18.409999999999968,17.960000000000008,1,1,1.0
944,1,563.35,190.55,18.409999999999968,17.95999999999998,1,1,1.0
945,1,552.56,200.64,18.40000000000009,17.960000000000008,1,1,1.0
946,1,541.76,210.72,18.409999999999968,17.960000000000008,1,1,1.0
947,1,530.97,220.8,18.409999999999968,17.95999999999998,1,1,1.0
948,1,520.18,230.88,18.40000000000009,17.960000000000008,1,1,1.0
949,1,509.38,240.96,18.409999999999968,17.960000000000008,1,1,1.0
950,1,512.77,225.11,18.409999999999968,17.95999999999998,1,1,1.0
951,1,516.16,209.25,18.410000000000082,17.960000000000008,1,1,1.0
952,1,519.55,193.4,18.410000000000082,17.960000000000008,1,1,1.0
953,1,522.94,177.54,18.409999999999968,17.960000000000008,1,1,1.0
954,1,526.33,161.69,18.399999999999977,17.960000000000008,1,1,1.0
955,1,529.72,145.83,18.399999999999977,17.95999999999998,1,1,1.0
956,1,533.1,129.98,18.409999999999968,17.960000000000008,1,1,1.0
957,1,536.49,114.12,18.409999999999968,17.960000000000008,1,1,1.0
958,1,539.88,98.27,18.409999999999968,17.960000000000008,1,1,1.0
959,1,543.27,82.41,18.409999999999968,17.960000000000008,1,1,1.0
960,1,546.28,75.47,18.410000000000082,17.960000000000008,1,1,1.0
961,1,549.29,68.52,18.410000000000082,17.960000000000008,1,1,1.0
962,1,552.31,61.58,18.40000000000009,17.960000000000008,1,1,1.0
963,1,555.32,54.63,18.409999999999968,17.96999999999999,1,1,1.0
964,1,558.33,47.69,18.409999999999968,17.960000000000008,1,1,1.0
965,1,561.34,40.75,18.409999999999968,17.96,1,1,1.0
966,1,564.36,33.8,18.399999999999977,17.96,1,1,1.0
967,1,567.37,26.86,18.399999999999977,17.96,1,1,1.0
968,1,570.38,19.91,18.409999999999968,17.959999999999997,1,1,1.0
969,1,573.39,12.97,18.409999999999968,17.96,1,1,1.0
970,1,576.53,13.85,18.410000000000082,17.96,1,1,1.0
971,1,579.67,14.72,18.40000000000009,17.97,1,1,1.0
972,1,582.8,15.6,18.410000000000082,17.96,1,1,1.0
973,1,585.94,16.48,18.409999999999968,17.959999999999997,1,1,1.0
974,1,589.08,17.36,18.409999999999968,17.96,1,1,1.0
975,1,592.22,18.24,18.399999999999977,17.960000000000004,1,1,1.0
976,1,595.35,19.12,18.409999999999968,17.959999999999997,1,1,1.0
977,1,598.49,20.0,18.409999999999968,17.96,1,1,1.0
978,1,601.63,20.87,18.409999999999968,17.970000000000002,1,1,1.0
979,1,604.77,21.75,18.399999999999977,17.96,1,1,1.0
980,1,608.03,30.29,18.410000000000082,17.96,1,1,1.0
981,1,611.29,38.82,18.410000000000082,17.96,1,1,1.0
982,1,614.56,47.36,18.40000000000009,17.959999999999994,1,1,1.0
983,1,617.82,55.89,18.409999999999968,17.959999999999994,1,1,1.0
984,1,621.08,64.42,18.409999999999968,17.97,1,1,1.0
985,1,624.35,72.96,18.399999999999977,17.960000000000008,1,1,1.0
986,1,627.61,81.49,18.409999999999968,17.960000000000008,1,1,1.0
987,1,630.87,90.03,18.409999999999968,17.959999999999994,1,1,1.0
988,1,634.14,98.56,18.399999999999977,17.959999999999994,1,1,1.0
989,1,637.4,107.09,18.409999999999968,17.97,1,1,1.0
990,1,637.82,116.42,18.399999999999977,17.969999999999985,1,1,1.0
991,1,638.24,125.75,18.399999999999977,17.960000000000008,1,1,1.0
992,1,638.65,135.08,18.409999999999968,17.95999999999998,1,1,1.0
993,1,639.07,144.41,18.409999999999968,17.960000000000008,1,1,1.0
994,1,639.49,153.74,18.409999999999968,17.95999999999998,1,1,1.0
995,1,639.91,163.07,18.410000000000082,17.960000000000008,1,1,1.0
996,1,640.33,172.4,18.399999999999977,17.960000000000008,1,1,1.0
997,1,640.75,181.73,18.399999999999977,17.960000000000008,1,1,1.0
998,1,641.16,191.06,18.410000000000082,17.960000000000008,1,1,1.0
999,1,641.58,200.38,18.409999999999968,17.97,1,1,1.0
1000,1,633.68,197.16,18.40000000000009,17.97,1,1,1.0
1001,1,625.77,193.94,18.409999999999968,17.960000000000008,1,1,1.0
1002,1,617.86,190.72,18.409999999999968,17.960000000000008,1,1,1.0
1003,1,609.96,187.5,18.399999999999977,17.960000000000008,1,1,1.0
1004,1,602.05,184.28,18.410000000000082,17.960000000000008,1,1,1.0
1005,1,594.14,181.06,18.409999999999968,17.960000000000008,1,1,1.0
1006,1,586.24,177.84,18.399999999999977,17.960000000000008,1,1,1.0
1007,1,578.33,174.61,18.409999999999968,17.97,1,1,1.0
1008,1,570.42,171.39,18.410000000000082,17.960000000000008,1,1,1.0
1009,1,562.52,168.17,18.399999999999977,17.960000000000008,1,1,1.0
1010,1,560.8,169.72,18.410000000000082,17.960000000000008,1,1,1.0
1011,1,559.09,171.27,18.399999999999977,17.95999999999998,1,1,1.0
1012,1,557.37,172.82,18.409999999999968,17.960000000000008,1,1,1.0
1013,1,555.66,174.36,18.399999999999977,17.95999999999998,1,1,1.0
1014,1,553.94,175.91,18.409999999999968,17.960000000000008,1,1,1.0
1015,1,552.22,177.46,18.409999999999968,17.95999999999998,1,1,1.0
1016,1,550.51,179.01,18.409999999999968,17.960000000000008,1,1,1.0
1017,1,548.79,180.55,18.410000000000082,17.97,1,1,1.0
1018,1,547.08,182.1,18.409999999999968,17.960000000000008,1,1,1.0
1019,1,545.36,183.65,18.409999999999968,17.960000000000008,1,1,1.0
1020,1,544.4,191.47,18.409999999999968,17.960000000000008,1,1,1.0
1021,1,543.44,199.3,18.409999999999968,17.95999999999998,1,1,1.0
1022,1,542.48,207.12,18.399999999999977,17.960000000000008,1,1,1.0
1023,1,541.52,214.94,18.399999999999977,17.960000000000008,1,1,1.0
1024,1,540.55,222.77,18.410000000000082,17.95999999999998,1,1,1.0
1025,1,539.59,230.59,18.409999999999968,17.960000000000008,1,1,1.0
1026,1,538.63,238.41,18.409999999999968,17.960000000000008,1,1,1.0
1027,1,537.67,246.23,18.40000000000009,17.97,1,1,1.0
1028,1,536.7,254.06,18.409999999999968,17.95999999999998,1,1,1.0
1029,1,535.74,261.88,18.409999999999968,17.95999999999998,1,1,1.0
1030,1,533.82,273.97,18.399999999999977,17.95999999999998,1,1,1.0
1031,1,533.15,288.76,18.409999999999968,17.960000000000036,1,1,1.0
1032,1,531.59,302.6,18.409999999999968,17.95999999999998,1,1,1.0
1033,1,530.63,309.57,18.409999999999968,17.95999999999998,1,1,1.0
1034,1,532.46,323.31,18.399999999999977,17.95999999999998,1,1,1.0
1035,1,532.61,340.22,18.409999999999968,17.95999999999998,1,1,1.0
1036,1,533.39,331.62,18.409999999999968,17.95999999999998,1,1,1.0
1037,1,531.11,322.04,18.409999999999968,17.95999999999998,1,1,1.0
1038,1,527.99,310.99,18.399999999999977,17.95999999999998,1,1,1.0
1039,1,528.63,307.06,18.409999999999968,17.95999999999998,1,1,1.0
1040,1,529.05,300.79,18.40000000000009,17.95999999999998,1,1,1.0
1041,1,526.54,294.09,18.410000000000082,17.960000000000036,1,1,1.0
1042,1,526.12,288.24,18.409999999999968,17.95999999999998,1,1,1.0
1043,1,525.16,287.4,18.399999999999977,17.960000000000036,1,1,1.0
1044,1,524.2,286.56,18.399999999999977,17.95999999999998,1,1,1.0
1045,1,523.23,285.73,18.409999999999968,17.95999999999998,1,1,1.0
1046,1,522.27,284.89,18.409999999999968,17.960000000000036,1,1,1.0
1047,1,521.31,284.05,18.410000000000082,17.95999999999998,1,1,1.0
1048,1,520.35,283.22,18.399999999999977,17.95999999999998,1,1,1.0
1049,1,519.38,282.38,18.409999999999968,17.95999999999998,1,1,1.0
1050,1,518.42,281.54,18.410000000000082,17.95999999999998,1,1,1.0
1051,1,517.46,280.71,18.409999999999968,17.960000000000036,1,1,1.0
1052,1,516.5,279.87,18.409999999999968,17.95999999999998,1,1,1.0
1053,1,515.62,285.85,18.409999999999968,17.95999999999998,1,1,1.0
1054,1,514.74,291.83,18.409999999999968,17.970000000000027,1,1,1.0
1055,1,513.86,297.82,18.409999999999968,17.95999999999998,1,1,1.0
1056,1,512.98,303.8,18.409999999999968,17.95999999999998,1,1,1.0
1057,1,512.11,309.78,18.399999999999977,17.960000000000036,1,1,1.0
1058,1,511.23,315.76,18.399999999999977,17.960000000000036,1,1,1.0
1059,1,510.35,321.75,18.409999999999968,17.95999999999998,1,1,1.0
1060,1,509.47,327.73,18.409999999999968,17.95999999999998,1,1,1.0
1061,1,508.59,333.71,18.410000000000025,17.960000000000036,1,1,1.0
1062,1,507.71,339.69,18.410000000000025,17.95999999999998,1,1,1.0
1063,1,510.26,343.46,18.409999999999968,17.960000000000036,1,1,1.0
1064,1,512.82,347.22,18.399999999999977,17.95999999999998,1,1,1.0
1065,1,515.37,350.99,18.409999999999968,17.95999999999998,1,1,1.0
1066,1,517.92,354.75,18.410000000000082,17.95999999999998,1,1,1.0
1067,1,520.47,358.52,18.409999999999968,17.960000000000036,1,1,1.0
1068,1,523.02,362.28,18.409999999999968,17.960000000000036,1,1,1.0
1069,1,525.58,366.05,18.399999999999977,17.95999999999998,1,1,1.0
1070,1,528.13,369.81,18.399999999999977,17.95999999999998,1,1,1.0
1071,1,530.68,373.58,18.410000000000082,17.960000000000036,1,1,1.0
1072,1,533.23,377.34,18.409999999999968,17.960000000000036,1,1,1.0
1073,1,536.83,380.23,18.409999999999968,17.95999999999998,1,1,1.0
1074,1,540.43,383.12,18.40000000000009,17.95999999999998,1,1,1.0
1075,1,544.02,386.0,18.409999999999968,17.95999999999998,1,1,1.0
1076,1,547.62,388.89,18.409999999999968,17.960000000000036,1,1,1.0
1077,1,551.22,391.78,18.409999999999968,17.960000000000036,1,1,1.0
1078,1,554.82,394.66,18.399999999999977,17.95999999999998,1,1,1.0
1079,1,558.42,397.55,18.40000000000009,17.95999999999998,1,1,1.0
1080,1,562.01,400.43,18.409999999999968,17.96999999999997,1,1,1.0
1081,1,565.61,403.32,18.409999999999968,17.95999999999998,1,1,1.0
1082,1,569.21,406.21,18.409999999999968,17.960000000000036,1,1,1.0
1083,1,574.27,406.38,18.409999999999968,17.95999999999998,1,1,1.0
1084,1,579.33,406.54,18.409999999999968,17.95999999999998,1,1,1.0
1085,1,584.39,406.71,18.409999999999968,17.960000000000036,1,1,1.0
1086,1,589.46,406.88,18.399999999999977,17.95999999999998,1,1,1.0
1087,1,594.52,407.04,18.409999999999968,17.96999999999997,1,1,1.0
1088,1,599.58,407.21,18.409999999999968,17.960000000000036,1,1,1.0
1089,1,604.64,407.38,18.409999999999968,17.95999999999998,1,1,1.0
1090,1,609.7,407.55,18.409999999999968,17.95999999999998,1,1,1.0
1091,1,614.77,407.71,18.399999999999977,17.970000000000027,1,1,1.0
1092,1,619.83,407.88,18.409999999999968,17.95999999999998,1,1,1.0
1093,1,624.81,408.93,18.40000000000009,17.95999999999998,1,1,1.0
1094,1,629.78,409.97,18.410000000000082,17.95999999999998,1,1,1.0
1095,1,634.76,411.02,18.409999999999968,17.960000000000036,1,1,1.0
1096,1,639.74,412.06,18.409999999999968,17.96999999999997,1,1,1.0
1097,1,644.72,413.11,18.409999999999968,17.95999999999998,1,1,1.0
1098,1,649.7,414.16,18.399999999999977,17.95999999999998,1,1,1.0
1099,1,654.68,415.2,18.40000000000009,17.960000000000036,1,1,1.0
1100,1,659.65,416.25,18.409999999999968,17.95999999999998,1,1,1.0
1101,1,664.63,417.29,18.409999999999968,17.96999999999997,1,1,1.0
1102,1,669.61,418.34,18.409999999999968,17.960000000000036,1,1,1.0
1103,1,674.34,419.3,18.399999999999977,17.95999999999998,1,1,1.0
1104,1,679.06,420.26,18.410000000000082,17.970000000000027,1,1,1.0
1105,1,683.79,421.23,18.410000000000082,17.95999999999998,1,1,1.0
1106,1,688.52,422.19,18.409999999999968,17.95999999999998,1,1,1.0
1107,1,693.25,423.15,18.399999999999977,17.960000000000036,1,1,1.0
1108,1,697.97,424.11,18.409999999999968,17.95999999999998,1,1,1.0
1109,1,702.7,425.08,18.409999999999968,17.960000000000036,1,1,1.0
1110,1,707.43,426.04,18.40000000000009,17.95999999999998,1,1,1.0
1111,1,712.15,427.0,18.409999999999968,17.95999999999998,1,1,1.0
1112,1,716.88,427.96,18.409999999999968,17.960000000000036,1,1,1.0
1113,1,721.86,428.84,18.409999999999968,17.960000000000036,1,1,1.0
1114,1,726.84,429.72,18.409999999999968,17.95999999999998,1,1,1.0
1115,1,731.82,430.6,18.399999999999977,17.95999999999998,1,1,1.0
1116,1,736.8,431.48,18.40000000000009,17.95999999999998,1,1,1.0
1117,1,741.77,432.35,18.409999999999968,17.96999999999997,1,1,1.0
1118,1,746.75,433.23,18.409999999999968,17.95999999999998,1,1,1.0
1119,1,751.73,434.11,18.409999999999968,17.95999999999998,1,1,1.0
1120,1,756.71,434.99,18.409999999999968,17.95999999999998,1,1,1.0
1121,1,761.69,435.87,18.399999999999977,17.95999999999998,1,1,1.0
1122,1,766.67,436.75,18.40000000000009,17.95999999999998,1,1,1.0
1123,1,771.35,437.54,18.409999999999968,17.95999999999998,1,1,1.0
1124,1,776.04,438.34,18.40000000000009,17.960000000000036,1,1,1.0
1125,1,780.72,439.13,18.409999999999968,17.95999999999998,1,1,1.0
1126,1,785.41,439.93,18.399999999999977,17.95999999999998,1,1,1.0
1127,1,790.09,440.72,18.409999999999968,17.95999999999998,1,1,1.0
1128,1,794.78,441.52,18.399999999999977,17.960000000000036,1,1,1.0
1129,1,799.46,442.31,18.409999999999968,17.95999999999998,1,1,1.0
1130,1,804.15,443.11,18.409999999999968,17.95999999999998,1,1,1.0
1131,1,808.83,443.9,18.409999999999968,17.960000000000036,1,1,1.0
1132,1,813.52,444.7,18.409999999999968,17.960000000000036,1,1,1.0
1133,1,817.88,445.59,18.409999999999968,17.960000000000036,1,1,1.0
1134,1,822.24,446.49,18.409999999999968,17.95999999999998,1,1,1.0
1135,1,826.61,447.38,18.399999999999977,17.970000000000027,1,1,1.0
1136,1,830.97,448.28,18.409999999999968,17.960000000000036,1,1,1.0
1137,1,835.33,449.18,18.409999999999968,17.95999999999998,1,1,1.0
1138,1,839.69,450.07,18.409999999999968,17.970000000000027,1,1,1.0
1139,1,844.06,450.97,18.40000000000009,17.95999999999998,1,1,1.0
